0.000000000000000000e+00 8.519257257404731776e-03 3.445546525935800838e-03 4.307516473595930651e-03 3.819263235872233028e-03 3.208320703141512211e-03 3.920453269075286316e-03
1.000000000000000021e-02 9.744586533834096245e-03 3.888255540869409773e-03 4.314303530107892713e-03 4.764660382049204328e-03 3.636525392882661127e-03 4.739607043770071616e-03
2.000000000000000042e-02 1.134657107710880172e-02 4.243603028867571833e-03 4.269416442431279816e-03 5.446715143338351148e-03 4.302500661780175699e-03 5.157729775750255485e-03
2.999999999999999889e-02 1.377866051987997227e-02 5.022325438450399478e-03 4.248623367844039066e-03 6.037766384847859276e-03 4.877004344095654635e-03 6.081795301396742716e-03
4.000000000000000083e-02 1.725377503115103558e-02 5.690579346549077058e-03 4.367125264111789210e-03 6.731533361496670753e-03 5.443029487364898708e-03 7.178046674507508433e-03
5.000000000000000278e-02 2.153072923033385461e-02 6.246061788159464577e-03 4.551088968311351249e-03 7.656156931383093812e-03 6.184305867329145320e-03 8.043073114985485952e-03
5.999999999999999778e-02 2.732159291787502470e-02 6.433635261541868940e-03 4.650741329836251096e-03 8.653143964017707968e-03 6.581254540566854223e-03 9.034647815040958152e-03
7.000000000000000666e-02 3.541314066428263158e-02 7.200969290695538594e-03 5.048315394995991044e-03 9.417766625274635178e-03 7.176851429627075819e-03 1.032997106835873910e-02
8.000000000000000167e-02 4.686330214702733726e-02 7.963485737588066327e-03 5.472765604103310873e-03 1.030751319128368586e-02 7.912844914013223221e-03 1.154155672324284725e-02
8.999999999999999667e-02 6.548737770977575146e-02 8.924693681545570884e-03 6.028833833008685403e-03 1.057111588148825811e-02 8.499783977704136739e-03 1.269080266474844655e-02
1.000000000000000056e-01 9.804828275788904368e-02 1.122035615101777892e-02 6.630706663494893675e-03 1.062149082580971654e-02 9.659047228607156241e-03 1.431467871056534523e-02
1.100000000000000006e-01 1.533139895118091067e-01 1.412802439010259724e-02 7.183901441372430273e-03 1.048515067893758361e-02 1.216206796405920956e-02 1.583146719333727859e-02
1.199999999999999956e-01 2.465615041813433439e-01 1.950299067217036927e-02 8.272009371027679372e-03 1.039129317577770772e-02 1.446808613044539907e-02 1.762229867825682028e-02
1.300000000000000044e-01 3.921346897895266470e-01 2.695186541993261492e-02 9.491809537284293802e-03 1.054879457373831923e-02 1.576029632021204441e-02 1.887167285771906844e-02
1.400000000000000133e-01 5.763396156004706450e-01 3.812259805261642570e-02 1.120374499140872407e-02 1.091881265390185277e-02 1.644548801495372345e-02 2.098531615939074058e-02
1.499999999999999944e-01 7.786386067373438635e-01 5.490262161046802897e-02 1.355341616716884169e-02 1.159267829843006574e-02 1.738134809123216204e-02 2.312864763211727737e-02
1.600000000000000033e-01 1.020677975772745327e+00 7.738453063790706743e-02 1.575055543234318498e-02 1.244108211370142242e-02 1.860960774161867642e-02 2.537629586277468513e-02
1.700000000000000122e-01 1.348135382837281293e+00 1.058799955158528927e-01 1.895964949782736123e-02 1.320563746879218139e-02 1.918544106018147538e-02 2.743299919098663581e-02
1.799999999999999933e-01 1.819567355365161232e+00 1.405489183927639274e-01 2.238937296552588260e-02 1.282371281456779442e-02 1.917108132137138390e-02 2.987482269723375911e-02
1.900000000000000022e-01 2.458982601036563853e+00 1.816435346177575627e-01 2.721203242013206514e-02 1.301110512067316441e-02 1.929755876857356181e-02 3.184419226211911147e-02
2.000000000000000111e-01 3.200195546933398472e+00 2.253703567663783158e-01 3.345012101983591002e-02 1.367897536682648879e-02 1.929050961014698584e-02 3.233391906797981191e-02
2.099999999999999922e-01 3.833169048279928770e+00 2.692639089870377256e-01 3.964077902744701787e-02 1.486982891719050570e-02 1.846152167595117508e-02 3.353019830089280090e-02
2.200000000000000011e-01 4.289160901947105309e+00 3.147849066126593431e-01 4.787536584807409318e-02 1.601720741879304397e-02 1.828414250493585330e-02 3.503046849174205196e-02
2.300000000000000100e-01 4.540645094598654730e+00 3.645499436277274685e-01 5.607148908317235309e-02 1.749415672654882140e-02 1.786013132440249229e-02 3.643429323430927291e-02
2.399999999999999911e-01 4.624754855384349383e+00 4.146178107829898152e-01 6.622915567383760860e-02 1.880022016548438604e-02 1.700942592035693812e-02 3.829364925852140472e-02
2.500000000000000000e-01 4.598538199730231035e+00 4.637490327900479214e-01 7.722428137574020857e-02 2.069574667291439532e-02 1.625775471247739579e-02 3.907319656658522766e-02
2.600000000000000089e-01 4.557585445805886870e+00 5.180415705914426239e-01 8.840407794781360296e-02 2.276294309884002373e-02 1.624883714990777925e-02 3.882947905823416063e-02
2.700000000000000178e-01 4.537767244581122128e+00 5.740167172898202885e-01 1.006543889823930255e-01 2.511047305167154672e-02 1.663921371052877463e-02 3.828163698003281962e-02
2.800000000000000266e-01 4.543521698494490835e+00 6.429419247996419617e-01 1.135882775535990569e-01 2.769308546954036415e-02 1.633804075488276206e-02 3.750370242860593534e-02
2.899999999999999800e-01 4.561831847801268047e+00 7.232311073042788641e-01 1.260989608241965820e-01 2.977760544871067838e-02 1.608256645937359772e-02 3.665798687061078143e-02
2.999999999999999889e-01 4.540649841007812881e+00 8.117040631551610819e-01 1.378630877467950100e-01 3.190767298328629764e-02 1.565104882645267440e-02 3.559893509081421548e-02
3.099999999999999978e-01 4.508612076515142952e+00 9.019953843396659732e-01 1.503471751168714565e-01 3.428475436532590903e-02 1.602249270683714019e-02 3.511397182326272959e-02
3.200000000000000067e-01 4.422223685567364448e+00 1.010186934986071261e+00 1.639181342606975678e-01 3.699826801801404941e-02 1.636501162892324904e-02 3.391963286480580847e-02
3.300000000000000155e-01 4.248417603744690574e+00 1.140243203792542293e+00 1.767161860208378288e-01 3.936013140910479130e-02 1.747789054795024014e-02 3.460685219773466242e-02
3.400000000000000244e-01 4.006156638723855856e+00 1.290649055514702770e+00 1.886675559436720717e-01 4.207973498136572538e-02 1.848457471432614699e-02 3.606170768170102042e-02
3.500000000000000333e-01 3.697097974523712249e+00 1.455007528617304313e+00 1.977850981476539649e-01 4.332264448048011446e-02 1.985073333056976141e-02 3.771584213858307499e-02
3.599999999999999867e-01 3.335104855120675449e+00 1.635808502174397772e+00 2.068821067132968483e-01 4.522610741588901917e-02 2.200526588916375259e-02 3.956060662528112365e-02
3.699999999999999956e-01 2.929397623543161799e+00 1.817294062761273921e+00 2.157144957552793174e-01 4.739978009622927008e-02 2.442061872144029797e-02 4.124770333476032030e-02
3.800000000000000044e-01 2.523702943151231448e+00 2.043796600453883006e+00 2.234477891750475953e-01 4.996085307785946839e-02 2.800487037798819051e-02 4.208456277023058661e-02
3.900000000000000133e-01 2.140042340917196029e+00 2.361080591675575047e+00 2.309514308410563765e-01 5.218211620004646611e-02 3.106612632758225939e-02 4.224040187601900420e-02
4.000000000000000222e-01 1.780698791292179228e+00 2.876756198104058360e+00 2.370013632054148722e-01 5.434981237692767392e-02 3.313159098304230277e-02 4.150316728756529155e-02
4.100000000000000311e-01 1.517943028948209649e+00 3.496308939486627576e+00 2.434051348643914425e-01 5.684627864928878255e-02 3.531051659101250989e-02 4.030736531071234252e-02
4.199999999999999845e-01 1.308904819311615064e+00 4.241324615603474513e+00 2.496469573375045270e-01 5.971572301670810545e-02 3.608998788319232875e-02 4.088258403246131101e-02
4.299999999999999933e-01 1.117958735249559243e+00 4.912550278040352048e+00 2.569365308654895652e-01 6.197567415412332664e-02 3.574040286494357260e-02 4.268801485516415112e-02
4.400000000000000022e-01 9.414630745210446072e-01 5.339334581445910999e+00 2.667281352681701856e-01 6.508587025051922048e-02 3.516712158846248271e-02 4.482491715005029742e-02
4.500000000000000111e-01 7.766525970708393345e-01 5.578873568011202266e+00 2.791484104688738421e-01 6.829988034868918201e-02 3.573544855035554885e-02 4.771136125604532457e-02
4.600000000000000200e-01 6.449202398744454667e-01 5.717415845374913097e+00 2.960014017492421101e-01 7.200767848882061450e-02 3.717101555890798409e-02 5.272903801930576423e-02
4.700000000000000289e-01 5.422846411465892524e-01 5.797685151669662140e+00 3.206366512128254742e-01 7.495548966309251160e-02 3.913285882525480847e-02 5.749384403246282638e-02
4.799999999999999822e-01 4.555287459027188013e-01 5.813306040673000830e+00 3.594186381415076514e-01 7.660119155082968645e-02 4.180872599002952855e-02 6.062706742176843938e-02
4.899999999999999911e-01 3.806245408095888516e-01 5.744393395368204480e+00 4.216092202696037905e-01 7.826633678151244389e-02 4.448497812748485741e-02 6.402207375307500392e-02
5.000000000000000000e-01 3.157778905575771011e-01 5.571891253429097191e+00 5.203462854805536164e-01 8.091992446977998299e-02 4.680982794932198043e-02 6.580853322275014017e-02
5.100000000000000089e-01 2.623018006981744366e-01 5.260998272797468900e+00 6.888873913974391527e-01 8.363498286469375764e-02 4.966975682505547079e-02 6.724790930907156850e-02
5.200000000000000178e-01 2.187398374960700387e-01 4.800422779505804982e+00 9.909824901722028567e-01 8.742988985250470246e-02 5.394984242484974352e-02 6.924423169161088298e-02
5.300000000000000266e-01 1.825116810200298478e-01 4.140846492718615934e+00 1.506011982199025878e+00 9.224639150021735068e-02 5.755867887953457218e-02 7.206779166563506700e-02
5.400000000000000355e-01 1.483213581970429518e-01 3.266767712550087133e+00 2.316545393635408345e+00 9.950152488863983624e-02 6.076470069391180784e-02 7.493801601674847379e-02
5.500000000000000444e-01 1.164982373893096168e-01 2.195711990025924987e+00 3.393907285486410075e+00 1.094551160550888691e-01 6.475951940772445292e-02 7.896459822056044187e-02
5.600000000000000533e-01 9.185374978174594418e-02 1.436550231279623890e+00 4.178548606211523797e+00 1.222547913662239971e-01 6.808109287607856663e-02 8.263100748201834822e-02
5.700000000000000622e-01 7.203898404649368425e-02 9.602054348248530991e-01 4.739620930239206942e+00 1.398650891107391936e-01 7.375983620131885965e-02 8.721321879366338015e-02
5.799999999999999600e-01 5.698271200571346923e-02 6.790139444744854869e-01 5.130381661560268647e+00 1.615722613489898596e-01 7.976887929847982506e-02 9.131935479399885813e-02
5.899999999999999689e-01 4.508241472588767063e-02 5.000430949182985696e-01 5.439952413476617288e+00 1.917249674318036723e-01 8.619886186340741663e-02 9.619387068400742091e-02
5.999999999999999778e-01 3.639002904978758807e-02 3.717846444915380855e-01 5.696093613056449456e+00 2.338389456215350382e-01 9.106266941204833876e-02 1.020775545582950222e-01
6.099999999999999867e-01 2.875435712092234974e-02 2.808407424122412177e-01 5.888142622097602086e+00 2.934728672350288559e-01 9.912402863426711397e-02 1.084361337861855373e-01
6.199999999999999956e-01 2.305092896496090810e-02 2.168565739652543178e-01 5.994073865142371282e+00 3.840737836823004403e-01 1.105880089043016073e-01 1.147949836119138006e-01
6.300000000000000044e-01 1.885568601516803694e-02 1.706148963918628636e-01 6.008434522638871123e+00 5.211988323959718672e-01 1.206345448432001310e-01 1.230877782825933187e-01
6.400000000000000133e-01 1.517637193357549222e-02 1.349006057285808413e-01 5.933515353502158085e+00 7.262957033710031318e-01 1.316283252210744548e-01 1.337949497695038736e-01
6.500000000000000222e-01 1.243588360215966415e-02 1.068840276795947480e-01 5.754326930232152471e+00 1.019031591858884367e+00 1.467472590534644183e-01 1.441747212331055406e-01
6.600000000000000311e-01 1.042279401532701481e-02 8.650262185689076844e-02 5.441038597928998577e+00 1.414729790997513614e+00 1.640456038376178483e-01 1.537513460570379686e-01
6.700000000000000400e-01 9.010681836628011213e-03 7.258781068477253295e-02 4.967203881050425096e+00 1.908811464788380041e+00 1.858115800067817458e-01 1.627236201424017425e-01
6.800000000000000488e-01 7.713521449716824636e-03 6.151553067149203441e-02 4.345378853235037475e+00 2.476125553567366744e+00 2.161063940342271561e-01 1.737881239701365432e-01
6.900000000000000577e-01 6.820784653915792049e-03 5.147807943889182863e-02 3.638085984035304143e+00 3.073133153552508823e+00 2.533899694937647440e-01 1.848585785925270508e-01
7.000000000000000666e-01 5.997247213044429141e-03 4.406832203529083281e-02 2.885596816404695453e+00 3.699009657580472510e+00 2.975671179383733156e-01 2.011195094147854856e-01
7.099999999999999645e-01 5.114183546892444102e-03 3.744478721438582181e-02 2.226578736684577287e+00 4.248907410901120230e+00 3.481539510103197621e-01 2.201432928574951209e-01
7.199999999999999734e-01 4.315194441785694460e-03 3.147511684991459446e-02 1.659074817771441834e+00 4.729859185047046388e+00 4.057905780285813169e-01 2.431054866474682274e-01
7.299999999999999822e-01 3.663075370782633341e-03 2.707001270551875893e-02 1.197084079874590978e+00 5.118722214648204982e+00 4.760678596946522623e-01 2.720936106014358313e-01
7.399999999999999911e-01 3.226156306413399417e-03 2.262267236104434712e-02 8.499136385658517812e-01 5.416024374903035010e+00 5.673178466349281246e-01 3.064848449960074217e-01
7.500000000000000000e-01 3.113993676721371444e-03 1.924768394157777909e-02 5.905903389326826458e-01 5.610610019865519327e+00 6.907020088611108832e-01 3.448503424808151974e-01
7.600000000000000089e-01 3.131519279227710541e-03 1.660932812219725191e-02 4.098833509321433977e-01 5.707787682776618965e+00 8.524805004057892655e-01 3.868328166754433362e-01
7.700000000000000178e-01 2.814057602172343256e-03 1.467559163476605741e-02 2.875359296111286711e-01 5.709103811813790230e+00 1.069041341799054523e+00 4.395182760778851838e-01
7.800000000000000266e-01 2.388456787728636399e-03 1.321224133130103999e-02 2.147651473688488855e-01 5.624893264307432084e+00 1.340890636597312335e+00 4.987847959453428626e-01
7.900000000000000355e-01 1.946409590889283323e-03 1.204434552033715675e-02 1.682971689342446231e-01 5.454128586823357772e+00 1.690750400587786695e+00 5.602020267156645472e-01
8.000000000000000444e-01 1.504064337695777643e-03 1.017770878907989576e-02 1.359557514903273201e-01 5.183392135560087155e+00 2.140794967307100283e+00 6.370302010368669166e-01
8.100000000000000533e-01 1.277771906238258509e-03 8.554548039936257786e-03 1.124931510802789081e-01 4.812475509147002839e+00 2.690690300210732744e+00 7.284721411578729544e-01
8.200000000000000622e-01 1.193085979636061703e-03 7.411401628370296521e-03 9.558151184802657352e-02 4.328284567856791831e+00 3.305676793104106892e+00 8.320239846647425885e-01
8.300000000000000711e-01 1.105199603770780836e-03 6.438908872295313369e-03 8.261542129217173958e-02 3.779136377267311886e+00 3.960481811863235446e+00 9.487703482405606126e-01
8.399999999999999689e-01 1.167480398404932996e-03 5.816967071733810009e-03 7.123567447069124869e-02 3.186483319984696916e+00 4.629855791077521765e+00 1.080426735323164689e+00
8.499999999999999778e-01 1.115503389627428522e-03 5.376542882707001890e-03 6.189929993836180283e-02 2.604554789871587062e+00 5.244626412370998914e+00 1.234930914277268643e+00
8.599999999999999867e-01 9.655232819744481634e-04 4.743401608921949709e-03 5.468505087622067135e-02 2.100492308019975773e+00 5.714004604104171214e+00 1.421531869217412591e+00
8.699999999999999956e-01 9.094966952987565932e-04 4.203431380097806189e-03 4.969875903504984704e-02 1.670779937737091547e+00 6.018373073961961417e+00 1.671816575635288293e+00
8.800000000000000044e-01 8.892567231614199050e-04 3.824995347447008968e-03 4.494651672962868966e-02 1.313626547337730655e+00 6.129828206828419113e+00 1.991819498811467914e+00
8.900000000000000133e-01 9.898143613269988050e-04 3.618629652517629715e-03 4.057486699061343960e-02 1.022184580270488974e+00 6.021011508427701386e+00 2.358088577911835237e+00
9.000000000000000222e-01 1.209626878855417581e-03 3.372088209915090166e-03 3.522480991380215476e-02 7.851015549999832421e-01 5.753044502944971050e+00 2.763677739790682431e+00
9.100000000000000311e-01 1.464257207439441768e-03 3.206351796390523052e-03 3.098127257131208859e-02 5.947587135922457469e-01 5.351027692242908529e+00 3.176751926501266254e+00
9.200000000000000400e-01 1.696462914726530775e-03 3.134709853429717367e-03 2.657625137578886049e-02 4.534592139086682794e-01 4.859323537485554567e+00 3.569111701895670397e+00
9.300000000000000488e-01 1.864053207273187176e-03 3.046955514054884226e-03 2.321706087128118379e-02 3.479804574122219996e-01 4.317668296672139583e+00 3.911008078444415226e+00
9.400000000000000577e-01 1.803166127737179701e-03 3.110333439771180257e-03 2.047322049070314509e-02 2.679211254310455703e-01 3.774815700378871153e+00 4.192278907696010748e+00
9.500000000000000666e-01 1.652405068514706732e-03 3.018945839592741560e-03 1.827745332672097225e-02 2.088325111741111129e-01 3.255507227175878260e+00 4.382448486387206188e+00
9.599999999999999645e-01 1.373672313595020655e-03 3.170269232218380674e-03 1.631424207338581095e-02 1.625878541775822583e-01 2.771341560616772171e+00 4.467050915125156507e+00
9.699999999999999734e-01 1.007553733649607652e-03 3.317681958655812127e-03 1.491316523447056182e-02 1.286435474901297393e-01 2.326420192332399051e+00 4.475338139618491695e+00
9.799999999999999822e-01 7.549358399050163943e-04 3.459776502995813748e-03 1.388895980105458137e-02 1.046254978026260191e-01 1.932055628954829185e+00 4.418920281793086602e+00
9.899999999999999911e-01 5.862538912822192654e-04 3.447645718262008080e-03 1.266870031602489524e-02 8.707561737012455005e-02 1.581200714775292893e+00 4.307206044295186942e+00
1.000000000000000000e+00 4.656849604076289222e-04 3.264035084707953525e-03 1.191766487312888832e-02 7.346179311385059307e-02 1.284340270946519480e+00 4.147828604779427053e+00
1.010000000000000009e+00 3.823354070230506035e-04 2.983771343590022398e-03 1.117349815276851011e-02 6.292932996691978642e-02 1.046945402144992876e+00 3.949215467931074475e+00
1.020000000000000018e+00 3.832312909901299859e-04 2.804480107729612811e-03 1.057378425159594994e-02 5.462093409459940069e-02 8.479756840854610900e-01 3.732407443854187878e+00
1.030000000000000027e+00 3.412114648201568213e-04 2.645939790473132193e-03 1.003366545799401315e-02 4.800769957200653332e-02 6.848384231292110602e-01 3.501262492269946236e+00
1.040000000000000036e+00 3.219115753001126445e-04 2.397156652288249569e-03 9.772463768057232728e-03 4.338320675804614723e-02 5.458385070538055439e-01 3.252118877834119015e+00
1.050000000000000044e+00 3.492508126828382394e-04 2.408389566340475747e-03 9.119172858974643192e-03 3.952931019067056767e-02 4.370062839924803155e-01 2.969410053418308770e+00
1.060000000000000053e+00 3.550280226797756090e-04 2.455236124405081686e-03 8.539340171228010368e-03 3.618948459375684323e-02 3.535194656940579550e-01 2.677930619794671951e+00
1.070000000000000062e+00 3.710654273851938167e-04 2.672964756565353230e-03 8.339593031956443747e-03 3.322364508816406936e-02 2.880873938222227038e-01 2.370379806177684845e+00
1.080000000000000071e+00 3.637171136582731694e-04 2.999046557208358017e-03 8.125785151803685893e-03 3.047268283765092178e-02 2.390216962380413979e-01 2.066406670398985401e+00
1.090000000000000080e+00 3.382454322329362219e-04 3.510878500340249096e-03 7.813801296295967355e-03 2.739966211582486530e-02 2.001775361800606778e-01 1.762215708209622145e+00
1.100000000000000089e+00 3.288857897968175794e-04 3.895343211448631503e-03 7.532935089261974700e-03 2.488927489981437868e-02 1.699610109421303972e-01 1.470923654585189144e+00
1.110000000000000098e+00 3.540540493910047633e-04 4.260559428891001407e-03 7.233961633464339701e-03 2.329884930463156992e-02 1.469790988904532136e-01 1.218396035105132613e+00
1.120000000000000107e+00 3.390929722706286843e-04 4.514421829217440604e-03 6.846406674115593401e-03 2.186678321736907835e-02 1.272944251855638309e-01 1.011917303839502402e+00
1.130000000000000115e+00 3.397648183816843548e-04 4.494866033534308282e-03 6.227181919499187764e-03 2.031170259668137190e-02 1.112239079736200009e-01 8.380779993596887412e-01
1.140000000000000124e+00 3.191394763208704635e-04 4.007328866573926437e-03 5.639089652694616144e-03 1.890912562492183882e-02 9.730812514986744710e-02 6.972801791407395866e-01
1.150000000000000133e+00 2.575833778952640483e-04 3.304144197368151081e-03 5.224776947197739933e-03 1.753278440005631017e-02 8.422262280786671496e-02 5.830784428979413070e-01
1.159999999999999920e+00 2.221832048658530792e-04 2.398886425122634825e-03 4.883247037644609066e-03 1.596532406280915667e-02 7.016626158687855330e-02 4.889989063750344589e-01
1.169999999999999929e+00 2.291800702596995861e-04 1.921109904753753959e-03 4.564692185719122774e-03 1.451077667245290886e-02 5.797847328610736956e-02 4.132703573736229430e-01
1.179999999999999938e+00 2.244109354421449157e-04 1.609334299504747200e-03 4.271924814848135007e-03 1.296330444670487116e-02 4.869009787829962216e-02 3.485782779604696957e-01
1.189999999999999947e+00 1.990360768905729931e-04 1.348505632813540344e-03 3.960280785011420501e-03 1.156666574923924037e-02 4.199785778720557111e-02 3.001955806729264542e-01
1.199999999999999956e+00 2.046996039553850520e-04 1.237453028975158114e-03 3.602483631380480091e-03 1.044184366478324334e-02 3.644114492587172127e-02 2.577479966201935979e-01
1.209999999999999964e+00 2.400915289982932246e-04 1.107940788558970258e-03 3.442246848941103981e-03 1.020311053854840687e-02 3.279395836040074202e-02 2.218193181518070822e-01
1.219999999999999973e+00 2.286345189023504163e-04 1.085533735189103243e-03 3.263793283210108653e-03 1.010353357272150872e-02 2.955784754501028164e-02 1.907129194116838344e-01
1.229999999999999982e+00 1.769805268434353088e-04 9.994867781346595224e-04 3.113162427470585886e-03 1.014115209807464266e-02 2.643688451293766534e-02 1.625489723034441725e-01
1.239999999999999991e+00 1.237427982403968866e-04 8.326067546827869157e-04 2.848556090585980475e-03 9.853311866786342368e-03 2.410965571615527464e-02 1.395134455622817904e-01
1.250000000000000000e+00 1.028233320526460821e-04 7.811876949910513896e-04 2.400138363246177072e-03 9.486649229537433975e-03 2.204616572641642305e-02 1.219775839366891157e-01
1.260000000000000009e+00 9.870556935127791339e-05 6.795726758585048273e-04 2.058436729080642940e-03 9.053250573605021653e-03 2.047349178394655689e-02 1.076567888583527394e-01
1.270000000000000018e+00 9.220907164525127980e-05 6.143779514558858016e-04 1.787867915376238192e-03 8.465001584316712846e-03 1.922775986879639992e-02 9.751455839021050398e-02
1.280000000000000027e+00 7.119805163653663150e-05 6.258088660985109937e-04 1.522958067729282723e-03 8.173025926792065396e-03 1.824155209460253182e-02 8.952156017233675600e-02
1.290000000000000036e+00 7.901346901228400402e-05 5.489940715661820398e-04 1.372467462929484721e-03 7.720544351954694746e-03 1.737288915707989670e-02 8.279219405396522069e-02
1.300000000000000044e+00 8.929722564874106167e-05 5.769730759202584087e-04 1.308532862457285548e-03 7.302277819383987990e-03 1.708321612144845722e-02 7.608026919820252976e-02
1.310000000000000053e+00 8.791425000647968288e-05 5.720271313563960467e-04 1.324897065974028117e-03 6.929130735701001347e-03 1.685703548078364838e-02 7.109044556626099853e-02
1.320000000000000062e+00 7.768652169770597830e-05 5.610322861290006381e-04 1.252893746840592556e-03 6.475759415751679814e-03 1.571708148548746006e-02 6.694586449696639241e-02
1.330000000000000071e+00 7.787081563317185384e-05 5.534786655837088502e-04 1.286918891933082907e-03 6.197197552593242641e-03 1.480855212304623379e-02 6.373119957702653993e-02
1.340000000000000080e+00 8.767548516219191858e-05 5.542063137831197261e-04 1.366055681303502897e-03 5.907567722705742326e-03 1.297391631994916292e-02 6.009172799789141983e-02
1.350000000000000089e+00 8.104415383138468827e-05 5.282301681211335267e-04 1.324351448757820054e-03 5.208197712667934562e-03 1.180681151749590416e-02 5.569613710173290655e-02
1.360000000000000098e+00 9.125209061250034515e-05 5.624564858479320049e-04 1.420743929009511165e-03 4.541985604502930471e-03 1.050364387698248664e-02 5.207440002310876476e-02
1.370000000000000107e+00 1.000589926124363204e-04 5.203771118987387916e-04 1.365497846865689141e-03 4.114397045444272150e-03 9.548815644487916587e-03 4.847145836713619149e-02
1.380000000000000115e+00 9.594938748307294343e-05 4.803374029906240040e-04 1.430185157673802884e-03 3.819585113219810171e-03 8.491641920321483378e-03 4.540562584394181034e-02
1.390000000000000124e+00 7.895945649435846868e-05 3.945822996173690934e-04 1.522086694924525878e-03 3.565845265716709265e-03 7.587403321424135948e-03 4.254907091301296518e-02
1.400000000000000133e+00 8.739920699504025701e-05 4.184302279205972348e-04 1.725110701597208250e-03 3.318850361659412846e-03 7.526756026265742951e-03 4.032760399105451976e-02
1.409999999999999920e+00 9.124539783801501166e-05 3.586648775975523752e-04 1.965418140915575242e-03 3.084972271618555834e-03 7.206690205806488142e-03 3.755917908540697125e-02
1.419999999999999929e+00 6.940846988669957453e-05 3.272325847111111807e-04 1.956985013545289517e-03 2.562098369360143232e-03 7.034462802138012269e-03 3.445895321287567592e-02
1.429999999999999938e+00 6.210556962148931597e-05 3.454962943693114653e-04 1.921692299905139586e-03 2.459227318454266457e-03 6.941412649303034185e-03 3.140230224911656071e-02
1.439999999999999947e+00 7.221886437108809766e-05 3.216667820235936340e-04 1.908670213485228959e-03 2.339837953260306188e-03 6.616805960795551535e-03 2.830344803935311987e-02
1.449999999999999956e+00 6.652472098864202780e-05 2.952045003489301225e-04 1.783399145770034029e-03 2.466241588972401758e-03 6.139262240385997063e-03 2.519938032333344374e-02
1.459999999999999964e+00 5.224905599607026910e-05 2.782884758848175170e-04 1.667995732527284515e-03 2.606305200496150665e-03 5.753518435110194403e-03 2.292776357785705765e-02
1.469999999999999973e+00 6.370488424630084022e-05 2.729287901918167917e-04 1.719096888501179567e-03 2.733912364293057760e-03 5.259984627574963018e-03 2.082963168451727742e-02
1.479999999999999982e+00 6.465955234319526194e-05 2.321727975462123394e-04 1.774259863096087041e-03 2.738932914933002536e-03 5.033081345449483268e-03 1.924905945602541774e-02
1.489999999999999991e+00 5.524564581649559500e-05 2.459026009466260573e-04 1.974833159767217742e-03 2.814750591212523360e-03 4.751841435807256306e-03 1.775157361243583434e-02
1.500000000000000000e+00 6.554339068127811941e-05 2.332816241921470846e-04 1.931987073229318687e-03 2.784312103331150218e-03 4.590101703947391774e-03 1.637531502761346847e-02
1.510000000000000009e+00 5.216228133313604052e-05 2.242112065329598817e-04 1.851071158267975688e-03 2.749086160725768176e-03 4.236272421655844049e-03 1.476189127184983005e-02
1.520000000000000018e+00 5.756406112710194222e-05 2.121015875056492131e-04 1.500366655206927064e-03 2.828225955821045325e-03 3.946538642887873448e-03 1.355174152988976831e-02
1.530000000000000027e+00 7.582874460956242387e-05 2.393788715617469517e-04 1.269723367056666040e-03 2.966669669401792147e-03 3.805952485297611591e-03 1.259269564678021890e-02
1.540000000000000036e+00 7.074170927152776008e-05 1.785918603578669521e-04 1.002275302598776502e-03 3.144310684220349202e-03 3.578379905318482095e-03 1.147739681031638773e-02
1.550000000000000044e+00 9.229599739028121529e-05 2.879664060601974706e-04 8.174322109178241026e-04 3.315447681150569554e-03 3.376004002701714878e-03 1.025473984443927775e-02
1.560000000000000053e+00 7.672270705780617241e-05 1.534086881490467577e-04 6.398151789055034344e-04 3.727035487810835632e-03 3.117787943529266338e-03 9.376341862166083160e-03
1.570000000000000062e+00 6.636397297070004923e-05 2.266141379450491644e-04 5.746623757179036016e-04 4.171327303142798905e-03 3.043243509537966237e-03 8.219976787041918115e-03
1.580000000000000071e+00 1.071317095705703795e-04 3.872450971215262989e-04 7.465342728139015473e-04 4.863492859646051901e-03 2.936079320046583712e-03 7.289135006948320797e-03
