0.000000000000000000e+00 3.733611153272368716e-03 8.634933807610473740e-04 2.356174709420025758e-04 6.415434658536161606e-04
1.000000000000000021e-02 7.781022937468644318e-02 1.473021395060634779e-02 2.186253037815137721e-03 5.598918725233762404e-03
2.000000000000000042e-02 1.460599879676155177e-01 2.475063439906815058e-02 4.409008431280258752e-03 1.215018901918628498e-02
2.999999999999999889e-02 2.049696579165748433e-01 3.479685795393386294e-02 7.036784706040669427e-03 1.790057597398444014e-02
4.000000000000000083e-02 2.631912030624328769e-01 4.894809807261882306e-02 9.605706230584392172e-03 2.213270907329404832e-02
5.000000000000000278e-02 4.251403781986893282e-01 8.000666557555970171e-02 1.440531735184445890e-02 2.913757963197942738e-02
5.999999999999999778e-02 1.075866056417627670e+00 1.287698746462077048e-01 2.201983577096585515e-02 3.874324281588503033e-02
7.000000000000000666e-02 1.166540240962941066e+00 1.529985431050272515e-01 2.555463057177421310e-02 4.065119971075444733e-02
8.000000000000000167e-02 1.151561526747201247e+00 1.626929027164400465e-01 2.640531549522240340e-02 3.986953531590835265e-02
8.999999999999999667e-02 1.174701406915585444e+00 1.637061670255151036e-01 2.604154196832149729e-02 4.006632798222354436e-02
1.000000000000000056e-01 1.394374114322485925e+00 1.857154158047856773e-01 2.940870021610067150e-02 4.226714645807721354e-02
1.100000000000000006e-01 1.779271055322416695e+00 2.312428781337176609e-01 3.668569625909121057e-02 4.534207892376622417e-02
1.199999999999999956e-01 1.930657987285785637e+00 2.539398358785453502e-01 3.920747622796007248e-02 4.653598951174071907e-02
1.300000000000000044e-01 1.951032834074248878e+00 2.555227135161150520e-01 3.928350629795476084e-02 4.715133531087343371e-02
1.400000000000000133e-01 2.004082941002896856e+00 2.635310352903339481e-01 4.050987726799181593e-02 5.295976730101578656e-02
1.499999999999999944e-01 2.190274561005902676e+00 3.607779323553569895e-01 5.557657504914506608e-02 6.979178810628808294e-02
1.600000000000000033e-01 2.431983651622471765e+00 5.312469055869543100e-01 8.395389412744917734e-02 9.180447747823883287e-02
1.700000000000000122e-01 2.585101804241409784e+00 6.055508621527121438e-01 9.318421097831995625e-02 1.084718316498931301e-01
1.799999999999999933e-01 2.612005964565008664e+00 5.972402213882165301e-01 9.182209155523554656e-02 1.125396968719464957e-01
1.900000000000000022e-01 2.621817808851246046e+00 5.942858196710526508e-01 9.138844906474051510e-02 1.111271294555099959e-01
2.000000000000000111e-01 2.652362355795824467e+00 6.268012886349048074e-01 9.449596162044188175e-02 1.066467892996261074e-01
2.099999999999999922e-01 2.692005734224585112e+00 6.903950266390020962e-01 9.913642528409080668e-02 9.848317499299080735e-02
2.200000000000000011e-01 2.721840350267970887e+00 7.516895531139059505e-01 1.025442250362647162e-01 9.377203743033914185e-02
2.300000000000000100e-01 2.743919492357114187e+00 7.886946354343234988e-01 1.027761422209369779e-01 9.316813762446289615e-02
2.399999999999999911e-01 2.738330587004224714e+00 8.164172964013496347e-01 1.033329608819125861e-01 9.559477587238357499e-02
2.500000000000000000e-01 2.669712148775716720e+00 9.008683210132334418e-01 1.059807929777895896e-01 1.068408959003124270e-01
2.600000000000000089e-01 2.577897392776491436e+00 1.017769838762444534e+00 1.111668516731906808e-01 1.256358431708506640e-01
2.700000000000000178e-01 2.501116168548347840e+00 1.086252338320645494e+00 1.143410823384698877e-01 1.356511896697495112e-01
2.800000000000000266e-01 2.462651785652904657e+00 1.098804712292468677e+00 1.153036696072387152e-01 1.366734390916687081e-01
2.899999999999999800e-01 2.408276945679758807e+00 1.143487523175385823e+00 1.207257898586156092e-01 1.371198842080608438e-01
2.999999999999999889e-01 2.309991184504196049e+00 1.307419496856023766e+00 1.384659496386184130e-01 1.443813146500189104e-01
3.099999999999999978e-01 2.196414351916425201e+00 1.516286453848498139e+00 1.604128066118886697e-01 1.574475074630006521e-01
3.200000000000000067e-01 2.104966280692318392e+00 1.652666290470014010e+00 1.774866199944553080e-01 1.685172972816303127e-01
3.300000000000000155e-01 2.072679137341309819e+00 1.691970364221349499e+00 1.838292213999482005e-01 1.726601241541189657e-01
3.400000000000000244e-01 2.067099672929955112e+00 1.737692698520118650e+00 1.911775708571779586e-01 1.719696814317693556e-01
3.500000000000000333e-01 2.074705205458603707e+00 1.875596583632898273e+00 2.030064005204869071e-01 1.867316303189298365e-01
3.599999999999999867e-01 2.076434953070963818e+00 2.045135907041049528e+00 2.159303236728835895e-01 2.181400056531287712e-01
3.699999999999999956e-01 2.051072604609579741e+00 2.169787550783693231e+00 2.171865724141560927e-01 2.337054236443251720e-01
3.800000000000000044e-01 2.000862614014784935e+00 2.222834570982582303e+00 2.160966761487791710e-01 2.373578310722051499e-01
3.900000000000000133e-01 1.890007671985916682e+00 2.252283862134760728e+00 2.235260587261091725e-01 2.390906831899464458e-01
4.000000000000000222e-01 1.768989310244739155e+00 2.267830824035509618e+00 2.635012660112716065e-01 2.542339836167436529e-01
4.100000000000000311e-01 1.643302049185182634e+00 2.257383532679902771e+00 3.223271493130999144e-01 3.002690832942546684e-01
4.199999999999999845e-01 1.514340865835407834e+00 2.238004192937790293e+00 3.513353882470698353e-01 3.170442689239946765e-01
4.299999999999999933e-01 1.413447265505398676e+00 2.236181932349118107e+00 3.461771931422815141e-01 3.174659566164776403e-01
4.400000000000000022e-01 1.316359553692212581e+00 2.266407238555808057e+00 3.438595333297561618e-01 3.176569601894512207e-01
4.500000000000000111e-01 1.230989497890214279e+00 2.298893300074695834e+00 3.688152136447720997e-01 3.254715971095934468e-01
4.600000000000000200e-01 1.147333212088816889e+00 2.305551632578632049e+00 4.378792877181857945e-01 3.523695384777575379e-01
4.700000000000000289e-01 1.044147894802303300e+00 2.301959296483194528e+00 4.763738362949065941e-01 3.595320298950338000e-01
4.799999999999999822e-01 9.968763985976268893e-01 2.282832525668248902e+00 4.862845977789579388e-01 3.585231453939407564e-01
4.899999999999999911e-01 9.545828378724254826e-01 2.257035678487733232e+00 4.847764581424229280e-01 3.596048147027949282e-01
5.000000000000000000e-01 9.187335046429593310e-01 2.183600685314154521e+00 5.498557036833704448e-01 3.803193059854813596e-01
5.100000000000000089e-01 8.789247235759695132e-01 2.055461252977055508e+00 7.722208337829353786e-01 4.389548959456738841e-01
5.200000000000000178e-01 8.556813828391981458e-01 2.009724843910337899e+00 8.456514284445376672e-01 4.563652023820400361e-01
5.300000000000000266e-01 8.475925899776748373e-01 2.006732338747601929e+00 8.470310171874889660e-01 4.556890319920220978e-01
5.400000000000000355e-01 8.348380837156529344e-01 1.996754197892873117e+00 8.472108694844089349e-01 4.560775834348712587e-01
5.500000000000000444e-01 7.489975534773128940e-01 1.940536835366328816e+00 9.576764223536964327e-01 4.846111764030677782e-01
5.600000000000000533e-01 5.903423765988502492e-01 1.775595125829211529e+00 1.350978549995669908e+00 5.639180285090785727e-01
5.700000000000000622e-01 4.956917399355012521e-01 1.712858981531329317e+00 1.455319685511207162e+00 5.939518467387612244e-01
5.799999999999999600e-01 4.780350298599580494e-01 1.705732638248450117e+00 1.450085110612564732e+00 5.956587469142780034e-01
5.899999999999999689e-01 4.702769300096125149e-01 1.706622208208324887e+00 1.447924733623269899e+00 5.961505813569711876e-01
5.999999999999999778e-01 4.173400355667404860e-01 1.639242683881623641e+00 1.555675268969483493e+00 6.048451589279418839e-01
6.099999999999999867e-01 2.868955244549429850e-01 1.392742723725975074e+00 1.868811782260928922e+00 6.373058902618216059e-01
6.199999999999999956e-01 2.382083339322504101e-01 1.319397996352127400e+00 1.949868616523318554e+00 6.467285616347667743e-01
6.300000000000000044e-01 2.347493711196453059e-01 1.322840523861789519e+00 1.948552363283098332e+00 6.476441900050687872e-01
6.400000000000000133e-01 2.342764548424456361e-01 1.325460144476070967e+00 1.945001254531890877e+00 6.474976533655948385e-01
6.500000000000000222e-01 2.218244291140015756e-01 1.245034700565780694e+00 2.021677048661851384e+00 6.427192021252989829e-01
6.600000000000000311e-01 1.838465867415259303e-01 9.963240239037898238e-01 2.257962833730692509e+00 6.188596949066492714e-01
6.700000000000000400e-01 1.733482131492743994e-01 9.144819020441802282e-01 2.329348671814535532e+00 6.135389930148907878e-01
6.800000000000000488e-01 1.733079467570811660e-01 9.101097601544942961e-01 2.331821176548424468e+00 6.133896478840046296e-01
6.900000000000000577e-01 1.714640955522632182e-01 9.102452825176775564e-01 2.326836112665138678e+00 6.136901551113923547e-01
7.000000000000000666e-01 1.440031591627767282e-01 8.524915315239846025e-01 2.328971635040858690e+00 6.392869225748784023e-01
7.099999999999999645e-01 8.063559303222260499e-02 6.490189976979173769e-01 2.344866581381109594e+00 7.510728078384982798e-01
7.199999999999999734e-01 5.823584704272579543e-02 5.808019636736612146e-01 2.349498403810590830e+00 7.753344315557967326e-01
7.299999999999999822e-01 5.671939018915519298e-02 5.806409692703340397e-01 2.345644254106186377e+00 7.750559689562033228e-01
7.399999999999999911e-01 5.650833748573377141e-02 5.798996436364266538e-01 2.345209379631636448e+00 7.748066697527298263e-01
7.500000000000000000e-01 5.207320336057559562e-02 5.279563338312895926e-01 2.325232697805930115e+00 7.967642389310964912e-01
7.600000000000000089e-01 4.319922941188066023e-02 3.726129495327780150e-01 2.226951511718076482e+00 8.913862176773187374e-01
7.700000000000000178e-01 3.958087121984986412e-02 3.239998650359178778e-01 2.204056537172098817e+00 9.129801175235486843e-01
7.800000000000000266e-01 3.913667032522109152e-02 3.226617409495219913e-01 2.203613641083145502e+00 9.135564274299391441e-01
7.900000000000000355e-01 3.901551215729378436e-02 3.202276971016038698e-01 2.202332098736221155e+00 9.136606422614924616e-01
8.000000000000000444e-01 3.528254037537653653e-02 3.000375756173126462e-01 2.176330821817756611e+00 9.740277751957937546e-01
8.100000000000000533e-01 2.665405851969466014e-02 2.522930159986057630e-01 2.053464811539717605e+00 1.242595094063090766e+00
8.200000000000000622e-01 2.404043753936200775e-02 2.327428061344977150e-01 2.028969663679113911e+00 1.300478970171529358e+00
8.300000000000000711e-01 2.385949094520431815e-02 2.319791947048205349e-01 2.029241914697006877e+00 1.300254579496658458e+00
8.399999999999999689e-01 2.359334974573359944e-02 2.307204584044062479e-01 2.029928460619846664e+00 1.300015770487118250e+00
8.499999999999999778e-01 2.007034268747842631e-02 2.166579377892164926e-01 1.956310089542466546e+00 1.309765325534343328e+00
8.599999999999999867e-01 1.220304407352694812e-02 1.821574552546915693e-01 1.635715973963846048e+00 1.357843093146205993e+00
8.699999999999999956e-01 8.623818224219538878e-03 1.660030886332548306e-01 1.567041500308305801e+00 1.370222921425748863e+00
8.800000000000000044e-01 8.321536698661450779e-03 1.652600694891547539e-01 1.567631561180654387e+00 1.371013636731839069e+00
8.900000000000000133e-01 8.322269867916501015e-03 1.641506931659972301e-01 1.564825083949304307e+00 1.371565169709701326e+00
9.000000000000000222e-01 9.672210539091855019e-03 1.594869032699880174e-01 1.562671159780785413e+00 1.483263136710520236e+00
9.100000000000000311e-01 1.238940440882711422e-02 1.467654027501611169e-01 1.555305030532567745e+00 1.922812129525990343e+00
9.200000000000000400e-01 1.315064292423776156e-02 1.399156977285022363e-01 1.546280751285905586e+00 2.033690983067833358e+00
9.300000000000000488e-01 1.324003858315563747e-02 1.398350960690502021e-01 1.540545256943972374e+00 2.035978231240839875e+00
9.400000000000000577e-01 1.329117616376544221e-02 1.399836367997456255e-01 1.538706217435961587e+00 2.036528499587449303e+00
9.500000000000000666e-01 1.220945283332111608e-02 1.402571521229030171e-01 1.460445813346002986e+00 2.048017580213978839e+00
9.599999999999999645e-01 1.042629944151614481e-02 1.407156998049703955e-01 1.157417883743038001e+00 2.093440055164343505e+00
9.699999999999999734e-01 9.801103675929945941e-03 1.422875918323149580e-01 1.073421891416620477e+00 2.104587178836889727e+00
9.799999999999999822e-01 9.847617439465472175e-03 1.409789446610329178e-01 1.069052988246433022e+00 2.104995983565363549e+00
9.899999999999999911e-01 9.749756656109937261e-03 1.365978442906202184e-01 1.074621568205526900e+00 2.104610592043363315e+00
1.000000000000000000e+00 8.553871279820777010e-03 1.252694565036369667e-01 9.518122007831468778e-01 1.972745777084113028e+00
1.010000000000000009e+00 5.857761817725610706e-03 1.039453961898701151e-01 4.993957633337772761e-01 1.381940304464313485e+00
1.020000000000000018e+00 5.009067807006556926e-03 8.833376981508213321e-02 3.845454276574277186e-01 1.255506894633926063e+00
1.030000000000000027e+00 4.839628356436729423e-03 8.564878612226971277e-02 3.825547292212731487e-01 1.254747161160787661e+00
1.040000000000000036e+00 4.906175708561080068e-03 8.449508016207282757e-02 3.811227423811988091e-01 1.254118169118417780e+00
1.050000000000000044e+00 5.887280831689039630e-03 8.201318547356845068e-02 3.427568705658509685e-01 1.210255083017146127e+00
1.060000000000000053e+00 8.112148849911035228e-03 7.813727481834488453e-02 2.093676836368843219e-01 1.024016079155347869e+00
1.070000000000000062e+00 8.988313699865361356e-03 7.487006518753963613e-02 1.735425559138820961e-01 9.793927624531926224e-01
1.080000000000000071e+00 9.043914602376438780e-03 7.421569204798901531e-02 1.724838548323195109e-01 9.789517285750647391e-01
1.090000000000000080e+00 9.074342519351300679e-03 7.711449976012027530e-02 1.724936651281614441e-01 9.794862722805587341e-01
1.100000000000000089e+00 9.416540552101705652e-03 8.246940423430632050e-02 1.672889660086696872e-01 1.023524622854008914e+00
1.110000000000000098e+00 1.008311233256289387e-02 9.237901168951281883e-02 1.499312174427139543e-01 1.221436822588062965e+00
1.120000000000000107e+00 1.044475902929533490e-02 1.006757078531006350e-01 1.460794195712155075e-01 1.266884233037483876e+00
1.130000000000000115e+00 1.047734450391434036e-02 1.031525320530265050e-01 1.460066024355675951e-01 1.267146715193686379e+00
1.140000000000000124e+00 1.051215304806111389e-02 1.033928329533248536e-01 1.458515206555665578e-01 1.267202172560010442e+00
1.150000000000000133e+00 1.103700197233509900e-02 1.024641237906531999e-01 1.335809809409983784e-01 1.233925311006210057e+00
1.159999999999999920e+00 1.230434868963766089e-02 9.992774795411854538e-02 9.167015152845886528e-02 1.081333748973183573e+00
1.169999999999999929e+00 1.259597772312535773e-02 9.862478947283791209e-02 8.010565137038568040e-02 1.050121040318887422e+00
1.179999999999999938e+00 1.265141733102555753e-02 9.863806332873202576e-02 7.985536246502339397e-02 1.049761577323638617e+00
1.189999999999999947e+00 1.264804646643381304e-02 9.943110661432946751e-02 7.936524041040379784e-02 1.049998219109690156e+00
1.199999999999999956e+00 1.237926923954412416e-02 1.015014218021492304e-01 7.423514946194477437e-02 1.029003136315248534e+00
1.209999999999999964e+00 1.201249680293614043e-02 1.043386531769659453e-01 6.015752331538141290e-02 9.320229406682576379e-01
1.219999999999999973e+00 1.215763023159486395e-02 1.066296695422935537e-01 5.597019515378775373e-02 9.096176627442195128e-01
1.229999999999999982e+00 1.215290830534998708e-02 1.068952560904381371e-01 5.533727000731526041e-02 9.096076505587581407e-01
1.239999999999999991e+00 1.216967053850455741e-02 1.056006245321295667e-01 5.309026533377735751e-02 9.077503365865156049e-01
1.250000000000000000e+00 1.240298049836249805e-02 9.835798525371433620e-02 4.556332044076041865e-02 8.400774858014738999e-01
1.260000000000000009e+00 1.277721795594213318e-02 8.043123745872694796e-02 2.933529351721290285e-02 5.596072604494355396e-01
1.270000000000000018e+00 1.269027261358448948e-02 7.177774946980242099e-02 2.181933279677914991e-02 4.931745831905428035e-01
1.280000000000000027e+00 1.264345249256710116e-02 7.035135604663196596e-02 2.041140340634578845e-02 4.926227872688486720e-01
1.290000000000000036e+00 1.248751870241566857e-02 6.934597073657521038e-02 1.946198548346768364e-02 4.907723056704303977e-01
1.300000000000000044e+00 1.102254569159566606e-02 6.271773199055551140e-02 1.712465157026458670e-02 4.629000765947642315e-01
1.310000000000000053e+00 7.734229200571178173e-03 4.608941632349730644e-02 1.237751129965115882e-02 3.643513070324564951e-01
1.320000000000000062e+00 6.403523308844343703e-03 3.910797761488592900e-02 9.818657414456194790e-03 3.380450071955991009e-01
1.330000000000000071e+00 6.336363247413844858e-03 3.848001639673778035e-02 9.425170089971825205e-03 3.377935693365716752e-01
1.340000000000000080e+00 6.461688441262352332e-03 3.873127045573537819e-02 1.002450058148933107e-02 3.373993113603068195e-01
1.350000000000000089e+00 7.741610107757669439e-03 4.151281811964034618e-02 1.175629657677580882e-02 3.341450181177683665e-01
1.360000000000000098e+00 1.056804828928780207e-02 4.845943944149484761e-02 1.532849920047018449e-02 3.214018944682098256e-01
1.370000000000000107e+00 1.167104140606722330e-02 5.147959380641537602e-02 1.734243227935613682e-02 3.155918676569798298e-01
1.380000000000000115e+00 1.181196386905698434e-02 5.186840798276107223e-02 1.806940068807050270e-02 3.147980092682428621e-01
1.390000000000000124e+00 1.217034713651985595e-02 5.205541497258946160e-02 1.904303936563474242e-02 3.129252940206372902e-01
1.400000000000000133e+00 1.440730342844893930e-02 5.418811786661217184e-02 2.252589500108692286e-02 3.042690430907578625e-01
1.409999999999999920e+00 1.958076395328154848e-02 5.942942858091913166e-02 2.863328934597403341e-02 2.838593957174410098e-01
1.419999999999999929e+00 2.175605502403572811e-02 6.149912098137039207e-02 3.099591040426178529e-02 2.761634434756667922e-01
1.429999999999999938e+00 2.191234228927282923e-02 6.182403427067249824e-02 3.111593016028064637e-02 2.757566509241790587e-01
1.439999999999999947e+00 2.192171750696918914e-02 6.163153964912140848e-02 2.981279268968370713e-02 2.734565847827714058e-01
1.449999999999999956e+00 2.260690762150743133e-02 6.082159493779621534e-02 2.859357728877240726e-02 2.570319749259571407e-01
1.459999999999999964e+00 2.393191802260692669e-02 5.903956827782029515e-02 2.640746222023678327e-02 2.004937859637376529e-01
1.469999999999999973e+00 2.447721141458326921e-02 5.814185893310932357e-02 2.470415379536852057e-02 1.777086061419547169e-01
1.479999999999999982e+00 2.434915465321932371e-02 5.780636136838929184e-02 2.321732136792087689e-02 1.768375272219315786e-01
1.489999999999999991e+00 2.377681632217028621e-02 5.658095136802013952e-02 2.147891694969940313e-02 1.733793113330333313e-01
1.500000000000000000e+00 2.106378361453783640e-02 4.843121069806622520e-02 1.890250696803000285e-02 1.540967075854654811e-01
1.510000000000000009e+00 1.528804858551855925e-02 3.097931533017671962e-02 1.616461169369692516e-02 9.433683616037637221e-02
1.520000000000000018e+00 1.252148224715412921e-02 2.314119705329588730e-02 1.353539481095604631e-02 7.137305476825869799e-02
1.530000000000000027e+00 1.218206120130479672e-02 2.191169918187731158e-02 1.183480153315230078e-02 7.043674792408627372e-02
1.540000000000000036e+00 1.233594563094804995e-02 2.169024200358186591e-02 1.146588421353942656e-02 7.010203315461521756e-02
1.550000000000000044e+00 1.317457696572560920e-02 2.146750078398547076e-02 1.145569889647284068e-02 7.030268666687981838e-02
1.560000000000000053e+00 1.458894168638523794e-02 2.026204931247790886e-02 1.158339025575516948e-02 7.148616728570374168e-02
1.570000000000000062e+00 1.535396867846663439e-02 1.962934398608879097e-02 1.188091824180370105e-02 7.169544965105864587e-02
1.580000000000000071e+00 1.561624746994499761e-02 1.971617368814773327e-02 1.214774383034235815e-02 7.175204540922022756e-02
1.590000000000000080e+00 1.621188522214471808e-02 2.030381837952332028e-02 1.222160505765096383e-02 7.220693666104645303e-02
1.600000000000000089e+00 2.011740237566722253e-02 2.369913308321166048e-02 1.252472332809934259e-02 7.492739940419537725e-02
1.610000000000000098e+00 2.728093334689980776e-02 3.132529992649910749e-02 1.275491797760229182e-02 8.413102175754950951e-02
1.620000000000000107e+00 3.036879602737360684e-02 3.485513289374335411e-02 1.288807185508494997e-02 8.654663282561973758e-02
1.630000000000000115e+00 3.026727707921153532e-02 3.501976050666099488e-02 1.252798119164971920e-02 8.602916529834785109e-02
1.640000000000000124e+00 2.907560941416631808e-02 3.341499598140641042e-02 1.118150927462293991e-02 8.321992825336875510e-02
1.650000000000000133e+00 2.391246817982506032e-02 2.752503331586735741e-02 9.574541606805367019e-03 7.173438488832352411e-02
1.660000000000000142e+00 1.556757181576556501e-02 1.609636420974804027e-02 8.032167552965499557e-03 3.987678727348412111e-02
1.669999999999999929e+00 1.057096407720464586e-02 1.037559253653786567e-02 6.557422644205408019e-03 2.598173585429009239e-02
1.679999999999999938e+00 9.278382977343069271e-03 8.928221596893026399e-03 5.479948511198364999e-03 2.571106464283384740e-02
1.689999999999999947e+00 9.381024736144626119e-03 9.193488579105194014e-03 5.140234162666191750e-03 2.636675596406035799e-02
1.699999999999999956e+00 1.079850243790774107e-02 1.040917332262599956e-02 5.317663722064885565e-03 2.832643579029298087e-02
1.709999999999999964e+00 1.348015229661390230e-02 1.356513895545389918e-02 5.596723178094119809e-03 3.131325523415834367e-02
1.719999999999999973e+00 1.497273016658698906e-02 1.517290730710376886e-02 5.813599166295049803e-03 3.283629715087697798e-02
1.729999999999999982e+00 1.544999883744316987e-02 1.564256823531456203e-02 5.958652609709378517e-03 3.290154616083557082e-02
1.739999999999999991e+00 1.547907814013752686e-02 1.578166343243847178e-02 5.811839322158571589e-03 3.278310639484587063e-02
1.750000000000000000e+00 1.531491829822340459e-02 1.673802725262217919e-02 5.458790420987242285e-03 3.258713529058883396e-02
1.760000000000000009e+00 1.513930449111126897e-02 1.749248922020949296e-02 5.238888469660797804e-03 3.357745436786796489e-02
1.770000000000000018e+00 1.500467493489368066e-02 1.802960784875364333e-02 5.025425762938661930e-03 3.393588146902164898e-02
1.780000000000000027e+00 1.501592268725169405e-02 1.806367728436215903e-02 4.470179042161398844e-03 3.351744570579632404e-02
1.790000000000000036e+00 1.546357870638047534e-02 1.788811842749331651e-02 4.438347437856130298e-03 3.352160054915023779e-02
1.800000000000000044e+00 1.689210071795664569e-02 1.798114722950102523e-02 4.567767242150590733e-03 3.333541660138458762e-02
1.810000000000000053e+00 1.947948760127360401e-02 1.877447357415400891e-02 4.679192733160626380e-03 3.460767699471521686e-02
1.820000000000000062e+00 2.058462715913993504e-02 1.888867928010995109e-02 4.906424249336981992e-03 3.462433543017898879e-02
1.830000000000000071e+00 2.006612293051777962e-02 1.860690602269121641e-02 4.790768701411967506e-03 3.412137547303344814e-02
1.840000000000000080e+00 1.903380062399530337e-02 1.747024576650028915e-02 4.532716972988902991e-03 3.308590194536547430e-02
1.850000000000000089e+00 1.607935447662182590e-02 1.430672689762594284e-02 3.863982148208984762e-03 2.907908649827591410e-02
1.860000000000000098e+00 1.141743005018620340e-02 8.524498974225176370e-03 3.175009568998293698e-03 1.702130848906142219e-02
1.870000000000000107e+00 7.818867441968456802e-03 5.678060425724829920e-03 2.598049117243146026e-03 1.067992762926428009e-02
1.880000000000000115e+00 6.146204549217491528e-03 4.453364763405073985e-03 2.027095517604593326e-03 1.050503950928214671e-02
1.890000000000000124e+00 5.894997105487612479e-03 4.503222827601621216e-03 1.861456598872511959e-03 1.088818985943228700e-02
1.900000000000000133e+00 6.317289326869253256e-03 5.105527999929367067e-03 1.950470824222104568e-03 1.240164322916988658e-02
1.910000000000000142e+00 6.869447697975875761e-03 6.323713280970634683e-03 2.067714808643915294e-03 1.581422346431517537e-02
1.919999999999999929e+00 7.514611853575656371e-03 6.975894779384377194e-03 2.092519927462541812e-03 1.746749623446588670e-02
1.929999999999999938e+00 7.827354362462388138e-03 7.211246153467728258e-03 2.234750213100234265e-03 1.732640839037814448e-02
1.939999999999999947e+00 8.505103004540407949e-03 7.405673819377216888e-03 2.319577775908305238e-03 1.739679339045652542e-02
1.949999999999999956e+00 9.406206800303122673e-03 7.966137639988700794e-03 2.350388447773429142e-03 1.705076729688110790e-02
1.959999999999999964e+00 1.112930114366590673e-02 8.820643282772240926e-03 2.443614186325282229e-03 1.800598518828870967e-02
1.969999999999999973e+00 1.207090325832554586e-02 9.400522473350433200e-03 2.442612789444472722e-03 1.867690656298046786e-02
1.979999999999999982e+00 1.219999205474581877e-02 9.702551312151710960e-03 2.439212561912614159e-03 1.862190229575664754e-02
1.989999999999999991e+00 1.196152280590503936e-02 9.670508186326396555e-03 2.369991645782228585e-03 1.826520673784220311e-02
2.000000000000000000e+00 1.108407981272855822e-02 9.184642884578538696e-03 2.154141705707952187e-03 1.694687505549410597e-02
2.010000000000000231e+00 9.980997720958175237e-03 8.577301928824592608e-03 1.940088469206254548e-03 1.374974054014303088e-02
2.020000000000000018e+00 9.413594481909672712e-03 8.183652632031220356e-03 1.772046135106946892e-03 1.137168388003397326e-02
2.030000000000000249e+00 8.858671927804222593e-03 7.804494034058478621e-03 1.785840638543898439e-03 1.100789929861006704e-02
2.040000000000000036e+00 8.772787764890944626e-03 7.806159555250821898e-03 1.895030118432239731e-03 1.071715048178474572e-02
2.049999999999999822e+00 8.747266843366817424e-03 7.717672958435743170e-03 2.098073880437919831e-03 1.015039255855705071e-02
2.060000000000000053e+00 8.408416869933665189e-03 7.535632649462636889e-03 2.049312961706047879e-03 8.942078221764016011e-03
2.069999999999999840e+00 8.033980157844939837e-03 7.527822254397816167e-03 2.219195880567132861e-03 8.279508453075495183e-03
2.080000000000000071e+00 7.863668760934647631e-03 7.747010644585741040e-03 2.421051190724813566e-03 8.277714216376727552e-03
2.089999999999999858e+00 7.919999615896322273e-03 7.862320861743569630e-03 2.461664982864868612e-03 8.466036399592624315e-03
2.100000000000000089e+00 7.981312937578765448e-03 8.090349818965333201e-03 2.380643180297614507e-03 8.969564916665034859e-03
2.109999999999999876e+00 8.377455699842538753e-03 8.695733261915101348e-03 2.263247753597185438e-03 9.746877315504156800e-03
2.120000000000000107e+00 9.022791948462925010e-03 8.838141092787047889e-03 2.021165334496299263e-03 1.006101712738680619e-02
2.129999999999999893e+00 9.204340864399031610e-03 8.917976201791631349e-03 1.921923986692850115e-03 1.011543046181604191e-02
2.140000000000000124e+00 9.216561301765163056e-03 8.948421070113855499e-03 1.856083713024397897e-03 1.008220768078078172e-02
2.149999999999999911e+00 9.466456861052397614e-03 8.430561918941597774e-03 1.923052062522218270e-03 9.963984267439473727e-03
2.160000000000000142e+00 9.489721916526238157e-03 8.115444194841314393e-03 1.673404518337138916e-03 9.480022307501036194e-03
2.169999999999999929e+00 9.481778695419237554e-03 7.516301164448717202e-03 1.418533614677791556e-03 9.406497638257406771e-03
2.180000000000000160e+00 9.670681276209291966e-03 7.271348336743775620e-03 1.339696645936333530e-03 9.265073844619919549e-03
2.189999999999999947e+00 9.817847325024208274e-03 7.194813723526357306e-03 1.234290955056870694e-03 9.166998850258656004e-03
2.200000000000000178e+00 9.382691389958314199e-03 6.366391481605318016e-03 1.115271801833469557e-03 9.313121093301965706e-03
2.209999999999999964e+00 9.145249811210605026e-03 5.376707254521250097e-03 1.050453966133233549e-03 1.027743020242258103e-02
2.220000000000000195e+00 8.562258188159239600e-03 4.850229344129655500e-03 9.484331818162780071e-04 1.018251569732047355e-02
2.229999999999999982e+00 8.257859699603145587e-03 4.567422036658561404e-03 8.736172275235975452e-04 1.014666372501157182e-02
2.240000000000000213e+00 8.159694242745881010e-03 4.713565564567655936e-03 8.660076670564104519e-04 9.867362517840634270e-03
2.250000000000000000e+00 8.378876964516623199e-03 5.073250917363310818e-03 9.086163266744053026e-04 9.059434121765711986e-03
2.260000000000000231e+00 9.351874556116997542e-03 5.901610723413939705e-03 9.254257030731324928e-04 7.301358925136122204e-03
2.270000000000000018e+00 9.858199577476885536e-03 6.360358840707663192e-03 9.910387949495773775e-04 6.407333968120507671e-03
2.280000000000000249e+00 1.023194085406634209e-02 6.681466576792037364e-03 1.104872112642124810e-03 6.334940580865449332e-03
2.290000000000000036e+00 1.045260848612551696e-02 6.847859228575310132e-03 1.291309258445909889e-03 6.628849003572568482e-03
2.300000000000000266e+00 1.104123328004753997e-02 7.256334181810980034e-03 1.443562046597997393e-03 7.427731852607173148e-03
2.310000000000000053e+00 1.200257111527670145e-02 8.111560201727390298e-03 1.702407477364904515e-03 8.734163107123115583e-03
2.319999999999999840e+00 1.187726820366312268e-02 8.572376645383364413e-03 1.880832013768291011e-03 9.597947920616720779e-03
2.330000000000000071e+00 1.227433685667666391e-02 8.350155084830420196e-03 2.016461115676344579e-03 9.619340179868780122e-03
2.339999999999999858e+00 1.206558498079408209e-02 8.190894973380982366e-03 1.973863736178140330e-03 9.502038999721976187e-03
2.350000000000000089e+00 1.165080261093978491e-02 8.091266284594804056e-03 1.845836898847190910e-03 9.779083278888838285e-03
2.359999999999999876e+00 1.111985841412010609e-02 7.463614522942684307e-03 1.447333663948844988e-03 1.092396229998925800e-02
2.370000000000000107e+00 1.100522800632788845e-02 7.044915225079683742e-03 1.238279330102170974e-03 1.201112002835909992e-02
2.379999999999999893e+00 1.089673374742906528e-02 6.861274035454171388e-03 1.054049864397284047e-03 1.219539435994865945e-02
2.390000000000000124e+00 1.018329696622471102e-02 6.359873925083052090e-03 8.870141421345464168e-04 1.204474844158805180e-02
2.399999999999999911e+00 9.793132444512849671e-03 5.429628409030172291e-03 7.253823787863752058e-04 1.061078695768980298e-02
2.410000000000000142e+00 9.796724034066232184e-03 4.327713227944355624e-03 5.621380643434423620e-04 7.260138345954581136e-03
2.419999999999999929e+00 8.704382368856608543e-03 3.485538763322859612e-03 4.867154876528889673e-04 5.161992004613811733e-03
2.430000000000000160e+00 8.525552678102036805e-03 3.141234443108827969e-03 5.053140186756325267e-04 4.954267371430461087e-03
2.439999999999999947e+00 8.474896680140807381e-03 3.269079146816197042e-03 6.697576568619443855e-04 4.941524106519649961e-03
2.450000000000000178e+00 8.664431152293523494e-03 4.315088467259135807e-03 9.620131068228876189e-04 5.711125228867858748e-03
2.459999999999999964e+00 9.416195763892583337e-03 4.996340765774540289e-03 1.228078677644200587e-03 7.378771601220029605e-03
2.470000000000000195e+00 1.086633119275309464e-02 5.584743446699570214e-03 1.558358851880579021e-03 8.313206591300963122e-03
2.479999999999999982e+00 1.044090414263048813e-02 5.911699351978797964e-03 1.851412307862812480e-03 8.446263915727331498e-03
2.490000000000000213e+00 1.008939658337145058e-02 6.164314437921637919e-03 2.043431816652918100e-03 8.355576097690650683e-03
2.500000000000000000e+00 1.081801517050686584e-02 6.388792870688532466e-03 2.373872185640230146e-03 7.976759242600680797e-03
2.510000000000000231e+00 1.098213679673633834e-02 6.889038892444693772e-03 2.708803503418125407e-03 7.199481055972005439e-03
2.520000000000000018e+00 1.117914864489526552e-02 7.202348341836485243e-03 2.875106350710845884e-03 6.746894908983797762e-03
2.530000000000000249e+00 1.097235505817033968e-02 7.319877594896540690e-03 2.512880494663855772e-03 6.711903990135876033e-03
2.540000000000000036e+00 9.913560937064049700e-03 7.370675340870885481e-03 2.474878750082841125e-03 6.642054499655637712e-03
2.550000000000000266e+00 9.973760804825019047e-03 6.641613653373675680e-03 2.117379790244312224e-03 6.429577183300118695e-03
2.560000000000000053e+00 8.734092242045377388e-03 6.313287276651596489e-03 1.851494488733996602e-03 5.308168288268599357e-03
2.569999999999999840e+00 7.807368408187336656e-03 5.021904363812046239e-03 1.661185339880992410e-03 4.764820046150815280e-03
2.580000000000000071e+00 7.178712531687869366e-03 4.354668333681775694e-03 9.920539308904434070e-04 4.749383510597109115e-03
2.589999999999999858e+00 7.289488531933976251e-03 4.029408352198692034e-03 9.452271944928190752e-04 4.384765770404946104e-03
2.600000000000000089e+00 6.543541418330221099e-03 3.937009333426270963e-03 9.638228255595809044e-04 3.873629545023081749e-03
2.609999999999999876e+00 6.992025891685673886e-03 4.694655557613554124e-03 9.596030713074167389e-04 3.127172619634193892e-03
2.620000000000000107e+00 6.885954771567776370e-03 4.861945161179047868e-03 1.032813442705968069e-03 2.747914962362561341e-03
2.629999999999999893e+00 7.359713964235383744e-03 6.537370371050179978e-03 1.101434559506378171e-03 2.738329604496363406e-03
2.640000000000000124e+00 7.518016777600336313e-03 5.109295044472247742e-03 1.042823349012092678e-03 2.767959976533400108e-03
2.649999999999999911e+00 7.327609540838189023e-03 4.929491685963069587e-03 9.800101390676873962e-04 3.332063819806158414e-03
2.660000000000000142e+00 9.023214776039217150e-03 4.444019789196063108e-03 8.255845464813957009e-04 5.100992962203899396e-03
2.669999999999999929e+00 9.658055054351681601e-03 4.136701291960870851e-03 6.249486165247704252e-04 5.579557799809351307e-03
2.680000000000000160e+00 9.689027732973386209e-03 4.331394306191345411e-03 6.153477995527763386e-04 5.676176989725912128e-03
2.689999999999999947e+00 9.590990869671810887e-03 4.616452985017013323e-03 6.463591035764490629e-04 6.205984361470782452e-03
2.700000000000000178e+00 8.690499860298600554e-03 4.913698101410584121e-03 6.819752657569735314e-04 6.333647265686379556e-03
2.709999999999999964e+00 8.868528951767963575e-03 6.242730051802350758e-03 7.081647752849647582e-04 8.054806842219432508e-03
2.720000000000000195e+00 9.280140475693801280e-03 7.308937631237622662e-03 7.859681896721185676e-04 8.765787517264048145e-03
2.729999999999999982e+00 8.945340422774415712e-03 7.102422406629376600e-03 1.015394320004819493e-03 8.991644846879537009e-03
2.740000000000000213e+00 8.167336347938395844e-03 7.701333809337732560e-03 8.957830938849652711e-04 8.922233942599139267e-03
2.750000000000000000e+00 8.683424586314179849e-03 8.043058486746770125e-03 9.349980204602567884e-04 9.198183896148865585e-03
2.760000000000000231e+00 9.691084371378940604e-03 7.615496997976153350e-03 9.860175697648562287e-04 9.573248039497750037e-03
2.770000000000000018e+00 8.867674727811143687e-03 6.624854660896053495e-03 1.129068067936173179e-03 9.732718569761777266e-03
2.780000000000000249e+00 8.651587772243750363e-03 6.179874425072208466e-03 1.219081615332878949e-03 9.498792060804178358e-03
2.790000000000000036e+00 8.850542916559641857e-03 6.093299026821580484e-03 1.328683129100877332e-03 9.902324397241852802e-03
2.800000000000000266e+00 8.871034666976085337e-03 5.913384301973172857e-03 1.395697645076158285e-03 9.094584925396498321e-03
2.810000000000000053e+00 9.086599845434197367e-03 6.237633901198056524e-03 1.426118097035006639e-03 8.343330615690784310e-03
2.819999999999999840e+00 1.040961613270873810e-02 6.531790347909465985e-03 1.537762625906536262e-03 7.828063518778521565e-03
2.830000000000000071e+00 9.618975233021381799e-03 6.358271589639133935e-03 1.669601131032127147e-03 7.785134711382674100e-03
2.839999999999999858e+00 9.189537710476737564e-03 6.220304794916302338e-03 1.908662434605366224e-03 7.760414278123113282e-03
2.850000000000000089e+00 9.316107109086372434e-03 6.267091301465823466e-03 1.738615134286319907e-03 7.906352454899210486e-03
2.859999999999999876e+00 9.076909467054672040e-03 6.088690376630242519e-03 1.686997534572892221e-03 8.198108773501371419e-03
2.870000000000000107e+00 9.654451234137287341e-03 5.627799886253345187e-03 1.484011126866425492e-03 8.069607473691852578e-03
2.879999999999999893e+00 8.665676433151314056e-03 5.166484894971043289e-03 1.170929959552131352e-03 7.874934880028040124e-03
2.890000000000000124e+00 8.001115683604981266e-03 4.884468884003985781e-03 1.075375304360840075e-03 7.102012637043732431e-03
2.899999999999999911e+00 8.349674620119838797e-03 4.260833877503155537e-03 8.914769923936708080e-04 5.988382821302042427e-03
2.910000000000000142e+00 8.326154925107506766e-03 4.170258218345828868e-03 6.057491825774408405e-04 4.716105582412689207e-03
2.919999999999999929e+00 7.788760388258842218e-03 3.632114999938863137e-03 5.113276474914323294e-04 3.527101530288174851e-03
2.930000000000000160e+00 7.366236812655489741e-03 3.204692899676290802e-03 4.509165754009061659e-04 3.239733294360123798e-03
2.939999999999999947e+00 6.672520306323708947e-03 2.868849876391732761e-03 4.277056937378893582e-04 3.534992896593686269e-03
2.950000000000000178e+00 6.832282444087878735e-03 2.902874360001105915e-03 6.873723578609811959e-04 5.008049347747386970e-03
2.959999999999999964e+00 6.295153259432906094e-03 2.537435927676589837e-03 8.158056469786802243e-04 5.916572687936904641e-03
2.970000000000000195e+00 7.062021291579329181e-03 2.436658113562762025e-03 8.630214019352452351e-04 6.508579127329486812e-03
2.979999999999999982e+00 6.310599265400728373e-03 2.675628840400879737e-03 1.069288255801187793e-03 5.663943765656717991e-03
2.990000000000000213e+00 1.419181073863642339e-01 1.721266222559485748e-01 4.993459346692247225e-02 2.364254521276511201e-01
