0.000000e+00 8.765961e-08
1.000000e+00 8.765961e-08
2.000000e+00 8.765961e-08
3.000000e+00 8.765961e-08
4.000000e+00 8.765961e-08
5.000000e+00 8.765961e-08
6.000000e+00 8.765961e-08
7.000000e+00 8.765961e-08
8.000000e+00 8.765961e-08
9.000000e+00 8.765961e-08
1.000000e+01 8.765961e-08
1.100000e+01 8.765961e-08
1.200000e+01 8.765961e-08
1.300000e+01 8.765961e-08
1.400000e+01 8.765961e-08
1.500000e+01 8.765961e-08
1.600000e+01 8.765961e-08
1.700000e+01 8.765961e-08
1.800000e+01 8.765961e-08
1.900000e+01 8.765961e-08
2.000000e+01 8.765961e-08
2.100000e+01 8.765961e-08
2.200000e+01 8.765961e-08
2.300000e+01 8.765961e-08
2.400000e+01 8.765961e-08
2.500000e+01 8.765961e-08
2.600000e+01 8.765961e-08
2.700000e+01 8.765961e-08
2.800000e+01 8.765961e-08
2.900000e+01 8.765961e-08
3.000000e+01 8.765961e-08
3.100000e+01 8.765961e-08
3.200000e+01 8.765961e-08
3.300000e+01 8.765961e-08
3.400000e+01 8.765961e-08
3.500000e+01 8.765961e-08
3.600000e+01 8.765961e-08
3.700000e+01 8.765961e-08
3.800000e+01 8.765961e-08
3.900000e+01 8.765961e-08
4.000000e+01 8.704910e-08
4.100000e+01 8.698804e-08
4.200000e+01 8.692699e-08
4.300000e+01 8.686594e-08
4.400000e+01 8.680489e-08
4.500000e+01 8.674384e-08
4.600000e+01 8.668279e-08
4.700000e+01 8.662174e-08
4.800000e+01 8.656068e-08
4.900000e+01 8.649963e-08
5.000000e+01 8.643858e-08
5.100000e+01 8.654042e-08
5.200000e+01 8.664226e-08
5.300000e+01 8.674409e-08
5.400000e+01 8.684593e-08
5.500000e+01 8.694776e-08
5.600000e+01 8.704960e-08
5.700000e+01 8.715144e-08
5.800000e+01 8.725327e-08
5.900000e+01 8.735511e-08
6.000000e+01 8.745695e-08
6.100000e+01 8.755878e-08
6.200000e+01 8.766062e-08
6.300000e+01 8.776246e-08
6.400000e+01 8.786429e-08
6.500000e+01 8.796613e-08
6.600000e+01 8.806797e-08
6.700000e+01 8.816980e-08
6.800000e+01 8.827164e-08
6.900000e+01 8.837348e-08
7.000000e+01 8.847531e-08
7.100000e+01 8.873323e-08
7.200000e+01 8.899114e-08
7.300000e+01 8.924906e-08
7.400000e+01 8.950697e-08
7.500000e+01 8.976489e-08
7.600000e+01 9.002280e-08
7.700000e+01 9.028072e-08
7.800000e+01 9.053863e-08
7.900000e+01 9.079655e-08
8.000000e+01 9.105446e-08
8.100000e+01 9.131238e-08
8.200000e+01 9.157029e-08
8.300000e+01 9.182821e-08
8.400000e+01 9.208612e-08
8.500000e+01 9.234404e-08
8.600000e+01 9.260195e-08
8.700000e+01 9.285987e-08
8.800000e+01 9.311779e-08
8.900000e+01 9.337570e-08
9.000000e+01 9.363362e-08
9.100000e+01 9.395192e-08
9.200000e+01 9.427023e-08
9.300000e+01 9.458854e-08
9.400000e+01 9.490684e-08
9.500000e+01 9.522515e-08
9.600000e+01 9.554345e-08
9.700000e+01 9.586176e-08
9.800000e+01 9.618007e-08
9.900000e+01 9.649837e-08
1.000000e+02 9.681668e-08
1.010000e+02 9.713499e-08
1.020000e+02 9.745329e-08
1.030000e+02 9.777160e-08
1.040000e+02 9.808991e-08
1.050000e+02 9.840821e-08
1.060000e+02 9.872652e-08
1.070000e+02 9.904483e-08
1.080000e+02 9.936313e-08
1.090000e+02 9.968144e-08
1.100000e+02 9.999975e-08
1.110000e+02 1.004479e-07
1.120000e+02 1.008961e-07
1.130000e+02 1.013442e-07
1.140000e+02 1.017924e-07
1.150000e+02 1.022405e-07
1.160000e+02 1.026887e-07
1.170000e+02 1.031369e-07
1.180000e+02 1.035850e-07
1.190000e+02 1.040332e-07
1.200000e+02 1.044813e-07
1.210000e+02 1.049295e-07
1.220000e+02 1.053777e-07
1.230000e+02 1.058258e-07
1.240000e+02 1.062740e-07
1.250000e+02 1.067221e-07
1.260000e+02 1.071703e-07
1.270000e+02 1.076184e-07
1.280000e+02 1.080666e-07
1.290000e+02 1.085148e-07
1.300000e+02 1.089629e-07
1.310000e+02 1.095835e-07
1.320000e+02 1.102042e-07
1.330000e+02 1.108248e-07
1.340000e+02 1.114454e-07
1.350000e+02 1.120660e-07
1.360000e+02 1.126866e-07
1.370000e+02 1.133073e-07
1.380000e+02 1.139279e-07
1.390000e+02 1.145485e-07
1.400000e+02 1.151691e-07
1.410000e+02 1.157897e-07
1.420000e+02 1.164103e-07
1.430000e+02 1.170310e-07
1.440000e+02 1.176516e-07
1.450000e+02 1.182722e-07
1.460000e+02 1.188928e-07
1.470000e+02 1.195134e-07
1.480000e+02 1.201341e-07
1.490000e+02 1.207547e-07
1.500000e+02 1.213753e-07
1.510000e+02 1.220318e-07
1.520000e+02 1.226883e-07
1.530000e+02 1.233449e-07
1.540000e+02 1.240014e-07
1.550000e+02 1.246579e-07
1.560000e+02 1.253144e-07
1.570000e+02 1.259709e-07
1.580000e+02 1.266275e-07
1.590000e+02 1.272840e-07
1.600000e+02 1.279405e-07
1.610000e+02 1.285970e-07
1.620000e+02 1.292535e-07
1.630000e+02 1.299101e-07
1.640000e+02 1.305666e-07
1.650000e+02 1.312231e-07
1.660000e+02 1.318796e-07
1.670000e+02 1.325361e-07
1.680000e+02 1.331927e-07
1.690000e+02 1.338492e-07
1.700000e+02 1.345057e-07
1.710000e+02 1.353714e-07
1.720000e+02 1.362372e-07
1.730000e+02 1.371029e-07
1.740000e+02 1.379687e-07
1.750000e+02 1.388344e-07
1.760000e+02 1.397001e-07
1.770000e+02 1.405659e-07
1.780000e+02 1.414316e-07
1.790000e+02 1.422974e-07
1.800000e+02 1.431631e-07
1.810000e+02 1.440289e-07
1.820000e+02 1.448946e-07
1.830000e+02 1.457603e-07
1.840000e+02 1.466261e-07
1.850000e+02 1.474918e-07
1.860000e+02 1.483576e-07
1.870000e+02 1.492233e-07
1.880000e+02 1.500891e-07
1.890000e+02 1.509548e-07
1.900000e+02 1.518205e-07
1.910000e+02 1.528138e-07
1.920000e+02 1.538070e-07
1.930000e+02 1.548003e-07
1.940000e+02 1.557935e-07
1.950000e+02 1.567867e-07
1.960000e+02 1.577800e-07
1.970000e+02 1.587732e-07
1.980000e+02 1.597664e-07
1.990000e+02 1.607597e-07
2.000000e+02 1.617529e-07
2.010000e+02 1.627462e-07
2.020000e+02 1.637394e-07
2.030000e+02 1.647326e-07
2.040000e+02 1.657259e-07
2.050000e+02 1.667191e-07
2.060000e+02 1.677123e-07
2.070000e+02 1.687056e-07
2.080000e+02 1.696988e-07
2.090000e+02 1.706921e-07
2.100000e+02 1.716853e-07
2.110000e+02 1.726948e-07
2.120000e+02 1.737043e-07
2.130000e+02 1.747138e-07
2.140000e+02 1.757233e-07
2.150000e+02 1.767328e-07
2.160000e+02 1.777423e-07
2.170000e+02 1.787518e-07
2.180000e+02 1.797613e-07
2.190000e+02 1.807709e-07
2.200000e+02 1.817804e-07
2.210000e+02 1.827899e-07
2.220000e+02 1.837994e-07
2.230000e+02 1.848089e-07
2.240000e+02 1.858184e-07
2.250000e+02 1.868279e-07
2.260000e+02 1.878374e-07
2.270000e+02 1.888469e-07
2.280000e+02 1.898564e-07
2.290000e+02 1.908659e-07
2.300000e+02 1.918754e-07
2.310000e+02 1.929264e-07
2.320000e+02 1.939773e-07
2.330000e+02 1.950282e-07
2.340000e+02 1.960792e-07
2.350000e+02 1.971301e-07
2.360000e+02 1.981811e-07
2.370000e+02 1.992320e-07
2.380000e+02 2.002829e-07
2.390000e+02 2.013339e-07
2.400000e+02 2.023848e-07
2.410000e+02 2.034358e-07
2.420000e+02 2.044867e-07
2.430000e+02 2.055376e-07
2.440000e+02 2.065886e-07
2.450000e+02 2.076395e-07
2.460000e+02 2.086905e-07
2.470000e+02 2.097414e-07
2.480000e+02 2.107923e-07
2.490000e+02 2.118433e-07
2.500000e+02 2.128942e-07
2.510000e+02 2.139489e-07
2.520000e+02 2.150036e-07
2.530000e+02 2.160582e-07
2.540000e+02 2.171129e-07
2.550000e+02 2.181676e-07
2.560000e+02 2.192223e-07
2.570000e+02 2.202770e-07
2.580000e+02 2.213316e-07
2.590000e+02 2.223863e-07
2.600000e+02 2.234410e-07
2.610000e+02 2.244957e-07
2.620000e+02 2.255503e-07
2.630000e+02 2.266050e-07
2.640000e+02 2.276597e-07
2.650000e+02 2.287144e-07
2.660000e+02 2.297691e-07
2.670000e+02 2.308237e-07
2.680000e+02 2.318784e-07
2.690000e+02 2.329331e-07
2.700000e+02 2.339878e-07
2.710000e+02 2.349091e-07
2.720000e+02 2.358304e-07
2.730000e+02 2.367518e-07
2.740000e+02 2.376731e-07
2.750000e+02 2.385944e-07
2.760000e+02 2.395158e-07
2.770000e+02 2.404371e-07
2.780000e+02 2.413584e-07
2.790000e+02 2.422798e-07
2.800000e+02 2.432011e-07
2.810000e+02 2.441224e-07
2.820000e+02 2.450438e-07
2.830000e+02 2.459651e-07
2.840000e+02 2.468864e-07
2.850000e+02 2.478078e-07
2.860000e+02 2.487291e-07
2.870000e+02 2.496504e-07
2.880000e+02 2.505718e-07
2.890000e+02 2.514931e-07
2.900000e+02 2.524144e-07
2.910000e+02 2.530744e-07
2.920000e+02 2.537345e-07
2.930000e+02 2.543945e-07
2.940000e+02 2.550545e-07
2.950000e+02 2.557145e-07
2.960000e+02 2.563745e-07
2.970000e+02 2.570345e-07
2.980000e+02 2.576946e-07
2.990000e+02 2.583546e-07
3.000000e+02 2.590146e-07
3.010000e+02 2.596746e-07
3.020000e+02 2.603346e-07
3.030000e+02 2.609946e-07
3.040000e+02 2.616547e-07
3.050000e+02 2.623147e-07
3.060000e+02 2.629747e-07
3.070000e+02 2.636347e-07
3.080000e+02 2.642947e-07
3.090000e+02 2.649547e-07
3.100000e+02 2.656148e-07
3.110000e+02 2.660301e-07
3.120000e+02 2.664454e-07
3.130000e+02 2.668607e-07
3.140000e+02 2.672760e-07
3.150000e+02 2.676913e-07
3.160000e+02 2.681066e-07
3.170000e+02 2.685219e-07
3.180000e+02 2.689372e-07
3.190000e+02 2.693525e-07
3.200000e+02 2.697678e-07
3.210000e+02 2.701831e-07
3.220000e+02 2.705984e-07
3.230000e+02 2.710137e-07
3.240000e+02 2.714290e-07
3.250000e+02 2.718443e-07
3.260000e+02 2.722597e-07
3.270000e+02 2.726750e-07
3.280000e+02 2.730903e-07
3.290000e+02 2.735056e-07
3.300000e+02 2.739209e-07
3.310000e+02 2.742030e-07
3.320000e+02 2.744852e-07
3.330000e+02 2.747673e-07
3.340000e+02 2.750494e-07
3.350000e+02 2.753316e-07
3.360000e+02 2.756137e-07
3.370000e+02 2.758959e-07
3.380000e+02 2.761780e-07
3.390000e+02 2.764602e-07
3.400000e+02 2.767423e-07
3.410000e+02 2.770244e-07
3.420000e+02 2.773066e-07
3.430000e+02 2.775887e-07
3.440000e+02 2.778709e-07
3.450000e+02 2.781530e-07
3.460000e+02 2.784351e-07
3.470000e+02 2.787173e-07
3.480000e+02 2.789994e-07
3.490000e+02 2.792816e-07
3.500000e+02 2.795637e-07
3.510000e+02 2.795377e-07
3.520000e+02 2.795116e-07
3.530000e+02 2.794856e-07
3.540000e+02 2.794595e-07
3.550000e+02 2.794334e-07
3.560000e+02 2.794074e-07
3.570000e+02 2.793813e-07
3.580000e+02 2.793553e-07
3.590000e+02 2.793292e-07
3.600000e+02 2.793032e-07
3.610000e+02 2.792771e-07
3.620000e+02 2.792511e-07
3.630000e+02 2.792250e-07
3.640000e+02 2.791990e-07
3.650000e+02 2.791729e-07
3.660000e+02 2.791468e-07
3.670000e+02 2.791208e-07
3.680000e+02 2.790947e-07
3.690000e+02 2.790687e-07
3.700000e+02 2.790426e-07
3.710000e+02 2.788858e-07
3.720000e+02 2.787290e-07
3.730000e+02 2.785722e-07
3.740000e+02 2.784154e-07
3.750000e+02 2.782586e-07
3.760000e+02 2.781018e-07
3.770000e+02 2.779450e-07
3.780000e+02 2.777882e-07
3.790000e+02 2.776313e-07
3.800000e+02 2.774745e-07
3.810000e+02 2.773177e-07
3.820000e+02 2.771609e-07
3.830000e+02 2.770041e-07
3.840000e+02 2.768473e-07
3.850000e+02 2.766905e-07
3.860000e+02 2.765337e-07
3.870000e+02 2.763769e-07
3.880000e+02 2.762201e-07
3.890000e+02 2.760633e-07
3.900000e+02 2.759064e-07
3.910000e+02 2.758908e-07
3.920000e+02 2.758751e-07
3.930000e+02 2.758595e-07
3.940000e+02 2.758438e-07
3.950000e+02 2.758282e-07
3.960000e+02 2.758125e-07
3.970000e+02 2.757969e-07
3.980000e+02 2.757812e-07
3.990000e+02 2.757656e-07
4.000000e+02 2.757499e-07
4.010000e+02 2.757343e-07
4.020000e+02 2.757186e-07
4.030000e+02 2.757030e-07
4.040000e+02 2.756873e-07
4.050000e+02 2.756717e-07
4.060000e+02 2.756560e-07
4.070000e+02 2.756404e-07
4.080000e+02 2.756247e-07
4.090000e+02 2.756091e-07
4.100000e+02 2.755934e-07
4.110000e+02 2.754437e-07
4.120000e+02 2.752940e-07
4.130000e+02 2.751443e-07
4.140000e+02 2.749946e-07
4.150000e+02 2.748449e-07
4.160000e+02 2.746952e-07
4.170000e+02 2.745455e-07
4.180000e+02 2.743958e-07
4.190000e+02 2.742461e-07
4.200000e+02 2.740964e-07
4.210000e+02 2.739466e-07
4.220000e+02 2.737969e-07
4.230000e+02 2.736472e-07
4.240000e+02 2.734975e-07
4.250000e+02 2.733478e-07
4.260000e+02 2.731981e-07
4.270000e+02 2.730484e-07
4.280000e+02 2.728987e-07
4.290000e+02 2.727490e-07
4.300000e+02 2.725993e-07
4.310000e+02 2.725417e-07
4.320000e+02 2.724842e-07
4.330000e+02 2.724266e-07
4.340000e+02 2.723691e-07
4.350000e+02 2.723115e-07
4.360000e+02 2.722539e-07
4.370000e+02 2.721964e-07
4.380000e+02 2.721388e-07
4.390000e+02 2.720813e-07
4.400000e+02 2.720237e-07
4.410000e+02 2.719661e-07
4.420000e+02 2.719086e-07
4.430000e+02 2.718510e-07
4.440000e+02 2.717935e-07
4.450000e+02 2.717359e-07
4.460000e+02 2.716783e-07
4.470000e+02 2.716208e-07
4.480000e+02 2.715632e-07
4.490000e+02 2.715057e-07
4.500000e+02 2.714481e-07
4.510000e+02 2.714581e-07
4.520000e+02 2.714681e-07
4.530000e+02 2.714781e-07
4.540000e+02 2.714881e-07
4.550000e+02 2.714981e-07
4.560000e+02 2.715081e-07
4.570000e+02 2.715181e-07
4.580000e+02 2.715281e-07
4.590000e+02 2.715381e-07
4.600000e+02 2.715481e-07
4.610000e+02 2.715582e-07
4.620000e+02 2.715682e-07
4.630000e+02 2.715782e-07
4.640000e+02 2.715882e-07
4.650000e+02 2.715982e-07
4.660000e+02 2.716082e-07
4.670000e+02 2.716182e-07
4.680000e+02 2.716282e-07
4.690000e+02 2.716382e-07
4.700000e+02 2.716482e-07
4.710000e+02 2.716407e-07
4.720000e+02 2.716332e-07
4.730000e+02 2.716256e-07
4.740000e+02 2.716181e-07
4.750000e+02 2.716106e-07
4.760000e+02 2.716031e-07
4.770000e+02 2.715955e-07
4.780000e+02 2.715880e-07
4.790000e+02 2.715805e-07
4.800000e+02 2.715730e-07
4.810000e+02 2.715655e-07
4.820000e+02 2.715579e-07
4.830000e+02 2.715504e-07
4.840000e+02 2.715429e-07
4.850000e+02 2.715354e-07
4.860000e+02 2.715279e-07
4.870000e+02 2.715203e-07
4.880000e+02 2.715128e-07
4.890000e+02 2.715053e-07
4.900000e+02 2.714978e-07
4.910000e+02 2.716969e-07
4.920000e+02 2.718960e-07
4.930000e+02 2.720951e-07
4.940000e+02 2.722942e-07
4.950000e+02 2.724932e-07
4.960000e+02 2.726923e-07
4.970000e+02 2.728914e-07
4.980000e+02 2.730905e-07
4.990000e+02 2.732896e-07
5.000000e+02 2.734887e-07
5.010000e+02 2.736878e-07
5.020000e+02 2.738869e-07
5.030000e+02 2.740860e-07
5.040000e+02 2.742851e-07
5.050000e+02 2.744842e-07
5.060000e+02 2.746833e-07
5.070000e+02 2.748824e-07
5.080000e+02 2.750815e-07
5.090000e+02 2.752806e-07
5.100000e+02 2.754797e-07
5.110000e+02 2.757166e-07
5.120000e+02 2.759536e-07
5.130000e+02 2.761905e-07
5.140000e+02 2.764275e-07
5.150000e+02 2.766644e-07
5.160000e+02 2.769013e-07
5.170000e+02 2.771383e-07
5.180000e+02 2.773752e-07
5.190000e+02 2.776122e-07
5.200000e+02 2.778491e-07
5.210000e+02 2.780860e-07
5.220000e+02 2.783230e-07
5.230000e+02 2.785599e-07
5.240000e+02 2.787969e-07
5.250000e+02 2.790338e-07
5.260000e+02 2.792707e-07
5.270000e+02 2.795077e-07
5.280000e+02 2.797446e-07
5.290000e+02 2.799816e-07
5.300000e+02 2.802185e-07
5.310000e+02 2.805840e-07
5.320000e+02 2.809494e-07
5.330000e+02 2.813149e-07
5.340000e+02 2.816804e-07
5.350000e+02 2.820458e-07
5.360000e+02 2.824113e-07
5.370000e+02 2.827767e-07
5.380000e+02 2.831422e-07
5.390000e+02 2.835077e-07
5.400000e+02 2.838731e-07
5.410000e+02 2.842386e-07
5.420000e+02 2.846040e-07
5.430000e+02 2.849695e-07
5.440000e+02 2.853350e-07
5.450000e+02 2.857004e-07
5.460000e+02 2.860659e-07
5.470000e+02 2.864313e-07
5.480000e+02 2.867968e-07
5.490000e+02 2.871623e-07
5.500000e+02 2.875277e-07
5.510000e+02 2.877739e-07
5.520000e+02 2.880201e-07
5.530000e+02 2.882663e-07
5.540000e+02 2.885125e-07
5.550000e+02 2.887587e-07
5.560000e+02 2.890049e-07
5.570000e+02 2.892511e-07
5.580000e+02 2.894973e-07
5.590000e+02 2.897434e-07
5.600000e+02 2.899896e-07
5.610000e+02 2.902358e-07
5.620000e+02 2.904820e-07
5.630000e+02 2.907282e-07
5.640000e+02 2.909744e-07
5.650000e+02 2.912206e-07
5.660000e+02 2.914668e-07
5.670000e+02 2.917130e-07
5.680000e+02 2.919592e-07
5.690000e+02 2.922053e-07
5.700000e+02 2.924515e-07
5.710000e+02 2.926611e-07
5.720000e+02 2.928707e-07
5.730000e+02 2.930803e-07
5.740000e+02 2.932899e-07
5.750000e+02 2.934995e-07
5.760000e+02 2.937091e-07
5.770000e+02 2.939187e-07
5.780000e+02 2.941283e-07
5.790000e+02 2.943379e-07
5.800000e+02 2.945475e-07
5.810000e+02 2.947571e-07
5.820000e+02 2.949667e-07
5.830000e+02 2.951763e-07
5.840000e+02 2.953859e-07
5.850000e+02 2.955955e-07
5.860000e+02 2.958051e-07
5.870000e+02 2.960147e-07
5.880000e+02 2.962243e-07
5.890000e+02 2.964339e-07
5.900000e+02 2.966435e-07
5.910000e+02 2.969940e-07
5.920000e+02 2.973446e-07
5.930000e+02 2.976951e-07
5.940000e+02 2.980457e-07
5.950000e+02 2.983963e-07
5.960000e+02 2.987468e-07
5.970000e+02 2.990974e-07
5.980000e+02 2.994479e-07
5.990000e+02 2.997985e-07
6.000000e+02 3.001491e-07
6.010000e+02 3.004996e-07
6.020000e+02 3.008502e-07
6.030000e+02 3.012007e-07
6.040000e+02 3.015513e-07
6.050000e+02 3.019019e-07
6.060000e+02 3.022524e-07
6.070000e+02 3.026030e-07
6.080000e+02 3.029535e-07
6.090000e+02 3.033041e-07
6.100000e+02 3.036546e-07
6.110000e+02 3.038160e-07
6.120000e+02 3.039774e-07
6.130000e+02 3.041387e-07
6.140000e+02 3.043001e-07
6.150000e+02 3.044615e-07
6.160000e+02 3.046228e-07
6.170000e+02 3.047842e-07
6.180000e+02 3.049456e-07
6.190000e+02 3.051069e-07
6.200000e+02 3.052683e-07
6.210000e+02 3.054297e-07
6.220000e+02 3.055910e-07
6.230000e+02 3.057524e-07
6.240000e+02 3.059138e-07
6.250000e+02 3.060751e-07
6.260000e+02 3.062365e-07
6.270000e+02 3.063979e-07
6.280000e+02 3.065592e-07
6.290000e+02 3.067206e-07
6.300000e+02 3.068820e-07
6.310000e+02 3.069872e-07
6.320000e+02 3.070924e-07
6.330000e+02 3.071976e-07
6.340000e+02 3.073028e-07
6.350000e+02 3.074080e-07
6.360000e+02 3.075132e-07
6.370000e+02 3.076184e-07
6.380000e+02 3.077236e-07
6.390000e+02 3.078288e-07
6.400000e+02 3.079341e-07
6.410000e+02 3.080393e-07
6.420000e+02 3.081445e-07
6.430000e+02 3.082497e-07
6.440000e+02 3.083549e-07
6.450000e+02 3.084601e-07
6.460000e+02 3.085653e-07
6.470000e+02 3.086705e-07
6.480000e+02 3.087757e-07
6.490000e+02 3.088809e-07
6.500000e+02 3.089861e-07
6.510000e+02 3.091529e-07
6.520000e+02 3.093196e-07
6.530000e+02 3.094864e-07
6.540000e+02 3.096532e-07
6.550000e+02 3.098199e-07
6.560000e+02 3.099867e-07
6.570000e+02 3.101534e-07
6.580000e+02 3.103202e-07
6.590000e+02 3.104869e-07
6.600000e+02 3.106537e-07
6.610000e+02 3.108204e-07
6.620000e+02 3.109872e-07
6.630000e+02 3.111540e-07
6.640000e+02 3.113207e-07
6.650000e+02 3.114875e-07
6.660000e+02 3.116542e-07
6.670000e+02 3.118210e-07
6.680000e+02 3.119877e-07
6.690000e+02 3.121545e-07
6.700000e+02 3.123212e-07
6.710000e+02 3.122767e-07
6.720000e+02 3.122321e-07
6.730000e+02 3.121875e-07
6.740000e+02 3.121429e-07
6.750000e+02 3.120983e-07
6.760000e+02 3.120538e-07
6.770000e+02 3.120092e-07
6.780000e+02 3.119646e-07
6.790000e+02 3.119200e-07
6.800000e+02 3.118754e-07
6.810000e+02 3.118309e-07
6.820000e+02 3.117863e-07
6.830000e+02 3.117417e-07
6.840000e+02 3.116971e-07
6.850000e+02 3.116525e-07
6.860000e+02 3.116080e-07
6.870000e+02 3.115634e-07
6.880000e+02 3.115188e-07
6.890000e+02 3.114742e-07
6.900000e+02 3.114296e-07
6.910000e+02 3.115033e-07
6.920000e+02 3.115770e-07
6.930000e+02 3.116507e-07
6.940000e+02 3.117243e-07
6.950000e+02 3.117980e-07
6.960000e+02 3.118717e-07
6.970000e+02 3.119454e-07
6.980000e+02 3.120190e-07
6.990000e+02 3.120927e-07
7.000000e+02 3.121664e-07
7.010000e+02 3.122401e-07
7.020000e+02 3.123137e-07
7.030000e+02 3.123874e-07
7.040000e+02 3.124611e-07
7.050000e+02 3.125348e-07
7.060000e+02 3.126084e-07
7.070000e+02 3.126821e-07
7.080000e+02 3.127558e-07
7.090000e+02 3.128295e-07
7.100000e+02 3.129031e-07
7.110000e+02 3.128339e-07
7.120000e+02 3.127646e-07
7.130000e+02 3.126954e-07
7.140000e+02 3.126261e-07
7.150000e+02 3.125568e-07
7.160000e+02 3.124876e-07
7.170000e+02 3.124183e-07
7.180000e+02 3.123491e-07
7.190000e+02 3.122798e-07
7.200000e+02 3.122105e-07
7.210000e+02 3.121413e-07
7.220000e+02 3.120720e-07
7.230000e+02 3.120028e-07
7.240000e+02 3.119335e-07
7.250000e+02 3.118643e-07
7.260000e+02 3.117950e-07
7.270000e+02 3.117257e-07
7.280000e+02 3.116565e-07
7.290000e+02 3.115872e-07
7.300000e+02 3.115180e-07
7.310000e+02 3.114381e-07
7.320000e+02 3.113583e-07
7.330000e+02 3.112784e-07
7.340000e+02 3.111986e-07
7.350000e+02 3.111187e-07
7.360000e+02 3.110389e-07
7.370000e+02 3.109590e-07
7.380000e+02 3.108792e-07
7.390000e+02 3.107993e-07
7.400000e+02 3.107195e-07
7.410000e+02 3.106396e-07
7.420000e+02 3.105598e-07
7.430000e+02 3.104799e-07
7.440000e+02 3.104000e-07
7.450000e+02 3.103202e-07
7.460000e+02 3.102403e-07
7.470000e+02 3.101605e-07
7.480000e+02 3.100806e-07
7.490000e+02 3.100008e-07
7.500000e+02 3.099209e-07
7.510000e+02 3.099333e-07
7.520000e+02 3.099457e-07
7.530000e+02 3.099580e-07
7.540000e+02 3.099704e-07
7.550000e+02 3.099827e-07
7.560000e+02 3.099951e-07
7.570000e+02 3.100074e-07
7.580000e+02 3.100198e-07
7.590000e+02 3.100321e-07
7.600000e+02 3.100445e-07
7.610000e+02 3.100568e-07
7.620000e+02 3.100692e-07
7.630000e+02 3.100815e-07
7.640000e+02 3.100939e-07
7.650000e+02 3.101063e-07
7.660000e+02 3.101186e-07
7.670000e+02 3.101310e-07
7.680000e+02 3.101433e-07
7.690000e+02 3.101557e-07
7.700000e+02 3.101680e-07
7.710000e+02 3.101297e-07
7.720000e+02 3.100913e-07
7.730000e+02 3.100530e-07
7.740000e+02 3.100146e-07
7.750000e+02 3.099762e-07
7.760000e+02 3.099379e-07
7.770000e+02 3.098995e-07
7.780000e+02 3.098612e-07
7.790000e+02 3.098228e-07
7.800000e+02 3.097845e-07
7.810000e+02 3.097461e-07
7.820000e+02 3.097078e-07
7.830000e+02 3.096694e-07
7.840000e+02 3.096310e-07
7.850000e+02 3.095927e-07
7.860000e+02 3.095543e-07
7.870000e+02 3.095160e-07
7.880000e+02 3.094776e-07
7.890000e+02 3.094393e-07
7.900000e+02 3.094009e-07
7.910000e+02 3.094828e-07
7.920000e+02 3.095647e-07
7.930000e+02 3.096466e-07
7.940000e+02 3.097284e-07
7.950000e+02 3.098103e-07
7.960000e+02 3.098922e-07
7.970000e+02 3.099741e-07
7.980000e+02 3.100560e-07
7.990000e+02 3.101379e-07
8.000000e+02 3.102197e-07
8.010000e+02 3.103016e-07
8.020000e+02 3.103835e-07
8.030000e+02 3.104654e-07
8.040000e+02 3.105473e-07
8.050000e+02 3.106292e-07
8.060000e+02 3.107110e-07
8.070000e+02 3.107929e-07
8.080000e+02 3.108748e-07
8.090000e+02 3.109567e-07
8.100000e+02 3.110386e-07
8.110000e+02 3.111189e-07
8.120000e+02 3.111992e-07
8.130000e+02 3.112795e-07
8.140000e+02 3.113598e-07
8.150000e+02 3.114401e-07
8.160000e+02 3.115204e-07
8.170000e+02 3.116007e-07
8.180000e+02 3.116810e-07
8.190000e+02 3.117613e-07
8.200000e+02 3.118416e-07
8.210000e+02 3.119219e-07
8.220000e+02 3.120022e-07
8.230000e+02 3.120825e-07
8.240000e+02 3.121628e-07
8.250000e+02 3.122431e-07
8.260000e+02 3.123234e-07
8.270000e+02 3.124037e-07
8.280000e+02 3.124840e-07
8.290000e+02 3.125643e-07
8.300000e+02 3.126446e-07
8.310000e+02 3.128113e-07
8.320000e+02 3.129779e-07
8.330000e+02 3.131445e-07
8.340000e+02 3.133112e-07
8.350000e+02 3.134778e-07
8.360000e+02 3.136444e-07
8.370000e+02 3.138111e-07
8.380000e+02 3.139777e-07
8.390000e+02 3.141443e-07
8.400000e+02 3.143110e-07
8.410000e+02 3.144776e-07
8.420000e+02 3.146442e-07
8.430000e+02 3.148108e-07
8.440000e+02 3.149775e-07
8.450000e+02 3.151441e-07
8.460000e+02 3.153107e-07
8.470000e+02 3.154774e-07
8.480000e+02 3.156440e-07
8.490000e+02 3.158106e-07
8.500000e+02 3.159773e-07
8.510000e+02 3.160557e-07
8.520000e+02 3.161340e-07
8.530000e+02 3.162124e-07
8.540000e+02 3.162908e-07
8.550000e+02 3.163692e-07
8.560000e+02 3.164475e-07
8.570000e+02 3.165259e-07
8.580000e+02 3.166043e-07
8.590000e+02 3.166827e-07
8.600000e+02 3.167611e-07
8.610000e+02 3.168394e-07
8.620000e+02 3.169178e-07
8.630000e+02 3.169962e-07
8.640000e+02 3.170746e-07
8.650000e+02 3.171529e-07
8.660000e+02 3.172313e-07
8.670000e+02 3.173097e-07
8.680000e+02 3.173881e-07
8.690000e+02 3.174665e-07
8.700000e+02 3.175448e-07
8.710000e+02 3.176224e-07
8.720000e+02 3.176999e-07
8.730000e+02 3.177775e-07
8.740000e+02 3.178550e-07
8.750000e+02 3.179325e-07
8.760000e+02 3.180101e-07
8.770000e+02 3.180876e-07
8.780000e+02 3.181652e-07
8.790000e+02 3.182427e-07
8.800000e+02 3.183203e-07
8.810000e+02 3.183978e-07
8.820000e+02 3.184753e-07
8.830000e+02 3.185529e-07
8.840000e+02 3.186304e-07
8.850000e+02 3.187080e-07
8.860000e+02 3.187855e-07
8.870000e+02 3.188631e-07
8.880000e+02 3.189406e-07
8.890000e+02 3.190181e-07
8.900000e+02 3.190957e-07
8.910000e+02 3.193918e-07
8.920000e+02 3.196879e-07
8.930000e+02 3.199841e-07
8.940000e+02 3.202802e-07
8.950000e+02 3.205763e-07
8.960000e+02 3.208724e-07
8.970000e+02 3.211686e-07
8.980000e+02 3.214647e-07
8.990000e+02 3.217608e-07
9.000000e+02 3.220569e-07
9.010000e+02 3.223531e-07
9.020000e+02 3.226492e-07
9.030000e+02 3.229453e-07
9.040000e+02 3.232414e-07
9.050000e+02 3.235375e-07
9.060000e+02 3.238337e-07
9.070000e+02 3.241298e-07
9.080000e+02 3.244259e-07
9.090000e+02 3.247220e-07
9.100000e+02 3.250182e-07
9.110000e+02 3.251694e-07
9.120000e+02 3.253207e-07
9.130000e+02 3.254719e-07
9.140000e+02 3.256232e-07
9.150000e+02 3.257744e-07
9.160000e+02 3.259257e-07
9.170000e+02 3.260769e-07
9.180000e+02 3.262282e-07
9.190000e+02 3.263794e-07
9.200000e+02 3.265307e-07
9.210000e+02 3.266819e-07
9.220000e+02 3.268331e-07
9.230000e+02 3.269844e-07
9.240000e+02 3.271356e-07
9.250000e+02 3.272869e-07
9.260000e+02 3.274381e-07
9.270000e+02 3.275894e-07
9.280000e+02 3.277406e-07
9.290000e+02 3.278919e-07
9.300000e+02 3.280431e-07
9.310000e+02 3.281161e-07
9.320000e+02 3.281890e-07
9.330000e+02 3.282619e-07
9.340000e+02 3.283349e-07
9.350000e+02 3.284078e-07
9.360000e+02 3.284807e-07
9.370000e+02 3.285537e-07
9.380000e+02 3.286266e-07
9.390000e+02 3.286995e-07
9.400000e+02 3.287725e-07
9.410000e+02 3.288454e-07
9.420000e+02 3.289183e-07
9.430000e+02 3.289912e-07
9.440000e+02 3.290642e-07
9.450000e+02 3.291371e-07
9.460000e+02 3.292100e-07
9.470000e+02 3.292830e-07
9.480000e+02 3.293559e-07
9.490000e+02 3.294288e-07
9.500000e+02 3.295018e-07
9.510000e+02 3.295234e-07
9.520000e+02 3.295450e-07
9.530000e+02 3.295667e-07
9.540000e+02 3.295883e-07
9.550000e+02 3.296099e-07
9.560000e+02 3.296316e-07
9.570000e+02 3.296532e-07
9.580000e+02 3.296749e-07
9.590000e+02 3.296965e-07
9.600000e+02 3.297181e-07
9.610000e+02 3.297398e-07
9.620000e+02 3.297614e-07
9.630000e+02 3.297830e-07
9.640000e+02 3.298047e-07
9.650000e+02 3.298263e-07
9.660000e+02 3.298479e-07
9.670000e+02 3.298696e-07
9.680000e+02 3.298912e-07
9.690000e+02 3.299129e-07
9.700000e+02 3.299345e-07
9.710000e+02 3.300728e-07
9.720000e+02 3.302110e-07
9.730000e+02 3.303493e-07
9.740000e+02 3.304875e-07
9.750000e+02 3.306258e-07
9.760000e+02 3.307640e-07
9.770000e+02 3.309023e-07
9.780000e+02 3.310406e-07
9.790000e+02 3.311788e-07
9.800000e+02 3.313171e-07
9.810000e+02 3.314553e-07
9.820000e+02 3.315936e-07
9.830000e+02 3.317319e-07
9.840000e+02 3.318701e-07
9.850000e+02 3.320084e-07
9.860000e+02 3.321466e-07
9.870000e+02 3.322849e-07
9.880000e+02 3.324232e-07
9.890000e+02 3.325614e-07
9.900000e+02 3.326997e-07
9.910000e+02 3.326369e-07
9.920000e+02 3.325741e-07
9.930000e+02 3.325113e-07
9.940000e+02 3.324486e-07
9.950000e+02 3.323858e-07
9.960000e+02 3.323230e-07
9.970000e+02 3.322602e-07
9.980000e+02 3.321974e-07
9.990000e+02 3.321347e-07
1.000000e+03 3.320719e-07
1.001000e+03 3.320091e-07
1.002000e+03 3.319463e-07
1.003000e+03 3.318836e-07
1.004000e+03 3.318208e-07
1.005000e+03 3.317580e-07
1.006000e+03 3.316952e-07
1.007000e+03 3.316324e-07
1.008000e+03 3.315697e-07
1.009000e+03 3.315069e-07
1.010000e+03 3.314441e-07
1.011000e+03 3.316432e-07
1.012000e+03 3.318424e-07
1.013000e+03 3.320415e-07
1.014000e+03 3.322406e-07
1.015000e+03 3.324397e-07
1.016000e+03 3.326389e-07
1.017000e+03 3.328380e-07
1.018000e+03 3.330371e-07
1.019000e+03 3.332362e-07
1.020000e+03 3.334353e-07
1.021000e+03 3.336345e-07
1.022000e+03 3.338336e-07
1.023000e+03 3.340327e-07
1.024000e+03 3.342318e-07
1.025000e+03 3.344310e-07
1.026000e+03 3.346301e-07
1.027000e+03 3.348292e-07
1.028000e+03 3.350283e-07
1.029000e+03 3.352274e-07
1.030000e+03 3.354266e-07
1.031000e+03 3.355131e-07
1.032000e+03 3.355995e-07
1.033000e+03 3.356860e-07
1.034000e+03 3.357725e-07
1.035000e+03 3.358590e-07
1.036000e+03 3.359455e-07
1.037000e+03 3.360320e-07
1.038000e+03 3.361185e-07
1.039000e+03 3.362050e-07
1.040000e+03 3.362915e-07
1.041000e+03 3.363779e-07
1.042000e+03 3.364644e-07
1.043000e+03 3.365509e-07
1.044000e+03 3.366374e-07
1.045000e+03 3.367239e-07
1.046000e+03 3.368104e-07
1.047000e+03 3.368969e-07
1.048000e+03 3.369834e-07
1.049000e+03 3.370699e-07
1.050000e+03 3.371564e-07
1.051000e+03 3.371672e-07
1.052000e+03 3.371781e-07
1.053000e+03 3.371890e-07
1.054000e+03 3.371999e-07
1.055000e+03 3.372108e-07
1.056000e+03 3.372217e-07
1.057000e+03 3.372326e-07
1.058000e+03 3.372434e-07
1.059000e+03 3.372543e-07
1.060000e+03 3.372652e-07
1.061000e+03 3.372761e-07
1.062000e+03 3.372870e-07
1.063000e+03 3.372979e-07
1.064000e+03 3.373088e-07
1.065000e+03 3.373196e-07
1.066000e+03 3.373305e-07
1.067000e+03 3.373414e-07
1.068000e+03 3.373523e-07
1.069000e+03 3.373632e-07
1.070000e+03 3.373741e-07
1.071000e+03 3.374354e-07
1.072000e+03 3.374967e-07
1.073000e+03 3.375580e-07
1.074000e+03 3.376193e-07
1.075000e+03 3.376805e-07
1.076000e+03 3.377418e-07
1.077000e+03 3.378031e-07
1.078000e+03 3.378644e-07
1.079000e+03 3.379257e-07
1.080000e+03 3.379870e-07
1.081000e+03 3.380483e-07
1.082000e+03 3.381096e-07
1.083000e+03 3.381709e-07
1.084000e+03 3.382322e-07
1.085000e+03 3.382935e-07
1.086000e+03 3.383548e-07
1.087000e+03 3.384161e-07
1.088000e+03 3.384774e-07
1.089000e+03 3.385387e-07
1.090000e+03 3.386000e-07
1.091000e+03 3.385850e-07
1.092000e+03 3.385701e-07
1.093000e+03 3.385551e-07
1.094000e+03 3.385402e-07
1.095000e+03 3.385252e-07
1.096000e+03 3.385103e-07
1.097000e+03 3.384953e-07
1.098000e+03 3.384804e-07
1.099000e+03 3.384654e-07
1.100000e+03 3.384505e-07
1.101000e+03 3.384355e-07
1.102000e+03 3.384206e-07
1.103000e+03 3.384056e-07
1.104000e+03 3.383907e-07
1.105000e+03 3.383757e-07
1.106000e+03 3.383608e-07
1.107000e+03 3.383458e-07
1.108000e+03 3.383309e-07
1.109000e+03 3.383159e-07
1.110000e+03 3.383010e-07
1.111000e+03 3.382889e-07
1.112000e+03 3.382767e-07
1.113000e+03 3.382646e-07
1.114000e+03 3.382525e-07
1.115000e+03 3.382404e-07
1.116000e+03 3.382283e-07
1.117000e+03 3.382162e-07
1.118000e+03 3.382040e-07
1.119000e+03 3.381919e-07
1.120000e+03 3.381798e-07
1.121000e+03 3.381677e-07
1.122000e+03 3.381556e-07
1.123000e+03 3.381435e-07
1.124000e+03 3.381314e-07
1.125000e+03 3.381192e-07
1.126000e+03 3.381071e-07
1.127000e+03 3.380950e-07
1.128000e+03 3.380829e-07
1.129000e+03 3.380708e-07
1.130000e+03 3.380587e-07
1.131000e+03 3.382263e-07
1.132000e+03 3.383940e-07
1.133000e+03 3.385617e-07
1.134000e+03 3.387294e-07
1.135000e+03 3.388970e-07
1.136000e+03 3.390647e-07
1.137000e+03 3.392324e-07
1.138000e+03 3.394000e-07
1.139000e+03 3.395677e-07
1.140000e+03 3.397354e-07
1.141000e+03 3.399031e-07
1.142000e+03 3.400707e-07
1.143000e+03 3.402384e-07
1.144000e+03 3.404061e-07
1.145000e+03 3.405738e-07
1.146000e+03 3.407414e-07
1.147000e+03 3.409091e-07
1.148000e+03 3.410768e-07
1.149000e+03 3.412444e-07
1.150000e+03 3.414121e-07
1.151000e+03 3.415315e-07
1.152000e+03 3.416509e-07
1.153000e+03 3.417703e-07
1.154000e+03 3.418897e-07
1.155000e+03 3.420091e-07
1.156000e+03 3.421284e-07
1.157000e+03 3.422478e-07
1.158000e+03 3.423672e-07
1.159000e+03 3.424866e-07
1.160000e+03 3.426060e-07
1.161000e+03 3.427254e-07
1.162000e+03 3.428448e-07
1.163000e+03 3.429641e-07
1.164000e+03 3.430835e-07
1.165000e+03 3.432029e-07
1.166000e+03 3.433223e-07
1.167000e+03 3.434417e-07
1.168000e+03 3.435611e-07
1.169000e+03 3.436805e-07
1.170000e+03 3.437999e-07
1.171000e+03 3.439882e-07
1.172000e+03 3.441764e-07
1.173000e+03 3.443647e-07
1.174000e+03 3.445530e-07
1.175000e+03 3.447413e-07
1.176000e+03 3.449296e-07
1.177000e+03 3.451179e-07
1.178000e+03 3.453062e-07
1.179000e+03 3.454945e-07
1.180000e+03 3.456828e-07
1.181000e+03 3.458711e-07
1.182000e+03 3.460594e-07
1.183000e+03 3.462476e-07
1.184000e+03 3.464359e-07
1.185000e+03 3.466242e-07
1.186000e+03 3.468125e-07
1.187000e+03 3.470008e-07
1.188000e+03 3.471891e-07
1.189000e+03 3.473774e-07
1.190000e+03 3.475657e-07
1.191000e+03 3.478247e-07
1.192000e+03 3.480837e-07
1.193000e+03 3.483428e-07
1.194000e+03 3.486018e-07
1.195000e+03 3.488608e-07
1.196000e+03 3.491199e-07
1.197000e+03 3.493789e-07
1.198000e+03 3.496379e-07
1.199000e+03 3.498970e-07
1.200000e+03 3.501560e-07
1.201000e+03 3.504150e-07
1.202000e+03 3.506741e-07
1.203000e+03 3.509331e-07
1.204000e+03 3.511921e-07
1.205000e+03 3.514512e-07
1.206000e+03 3.517102e-07
1.207000e+03 3.519692e-07
1.208000e+03 3.522283e-07
1.209000e+03 3.524873e-07
1.210000e+03 3.527463e-07
1.211000e+03 3.527542e-07
1.212000e+03 3.527620e-07
1.213000e+03 3.527699e-07
1.214000e+03 3.527777e-07
1.215000e+03 3.527856e-07
1.216000e+03 3.527934e-07
1.217000e+03 3.528012e-07
1.218000e+03 3.528091e-07
1.219000e+03 3.528169e-07
1.220000e+03 3.528248e-07
1.221000e+03 3.528326e-07
1.222000e+03 3.528404e-07
1.223000e+03 3.528483e-07
1.224000e+03 3.528561e-07
1.225000e+03 3.528640e-07
1.226000e+03 3.528718e-07
1.227000e+03 3.528797e-07
1.228000e+03 3.528875e-07
1.229000e+03 3.528953e-07
1.230000e+03 3.529032e-07
1.231000e+03 3.528952e-07
1.232000e+03 3.528873e-07
1.233000e+03 3.528794e-07
1.234000e+03 3.528714e-07
1.235000e+03 3.528635e-07
1.236000e+03 3.528555e-07
1.237000e+03 3.528476e-07
1.238000e+03 3.528397e-07
1.239000e+03 3.528317e-07
1.240000e+03 3.528238e-07
1.241000e+03 3.528158e-07
1.242000e+03 3.528079e-07
1.243000e+03 3.528000e-07
1.244000e+03 3.527920e-07
1.245000e+03 3.527841e-07
1.246000e+03 3.527761e-07
1.247000e+03 3.527682e-07
1.248000e+03 3.527603e-07
1.249000e+03 3.527523e-07
1.250000e+03 3.527444e-07
1.251000e+03 3.529259e-07
1.252000e+03 3.531073e-07
1.253000e+03 3.532888e-07
1.254000e+03 3.534703e-07
1.255000e+03 3.536518e-07
1.256000e+03 3.538332e-07
1.257000e+03 3.540147e-07
1.258000e+03 3.541962e-07
1.259000e+03 3.543777e-07
1.260000e+03 3.545591e-07
1.261000e+03 3.547406e-07
1.262000e+03 3.549221e-07
1.263000e+03 3.551036e-07
1.264000e+03 3.552850e-07
1.265000e+03 3.554665e-07
1.266000e+03 3.556480e-07
1.267000e+03 3.558295e-07
1.268000e+03 3.560109e-07
1.269000e+03 3.561924e-07
1.270000e+03 3.563739e-07
1.271000e+03 3.565520e-07
1.272000e+03 3.567300e-07
1.273000e+03 3.569081e-07
1.274000e+03 3.570862e-07
1.275000e+03 3.572642e-07
1.276000e+03 3.574423e-07
1.277000e+03 3.576203e-07
1.278000e+03 3.577984e-07
1.279000e+03 3.579765e-07
1.280000e+03 3.581545e-07
1.281000e+03 3.583326e-07
1.282000e+03 3.585107e-07
1.283000e+03 3.586887e-07
1.284000e+03 3.588668e-07
1.285000e+03 3.590449e-07
1.286000e+03 3.592229e-07
1.287000e+03 3.594010e-07
1.288000e+03 3.595790e-07
1.289000e+03 3.597571e-07
1.290000e+03 3.599352e-07
1.291000e+03 3.600004e-07
1.292000e+03 3.600656e-07
1.293000e+03 3.601309e-07
1.294000e+03 3.601961e-07
1.295000e+03 3.602614e-07
1.296000e+03 3.603266e-07
1.297000e+03 3.603918e-07
1.298000e+03 3.604571e-07
1.299000e+03 3.605223e-07
1.300000e+03 3.605875e-07
1.301000e+03 3.606528e-07
1.302000e+03 3.607180e-07
1.303000e+03 3.607833e-07
1.304000e+03 3.608485e-07
1.305000e+03 3.609137e-07
1.306000e+03 3.609790e-07
1.307000e+03 3.610442e-07
1.308000e+03 3.611094e-07
1.309000e+03 3.611747e-07
1.310000e+03 3.612399e-07
1.311000e+03 3.615530e-07
1.312000e+03 3.618661e-07
1.313000e+03 3.621792e-07
1.314000e+03 3.624923e-07
1.315000e+03 3.628054e-07
1.316000e+03 3.631185e-07
1.317000e+03 3.634316e-07
1.318000e+03 3.637447e-07
1.319000e+03 3.640579e-07
1.320000e+03 3.643710e-07
1.321000e+03 3.646841e-07
1.322000e+03 3.649972e-07
1.323000e+03 3.653103e-07
1.324000e+03 3.656234e-07
1.325000e+03 3.659365e-07
1.326000e+03 3.662496e-07
1.327000e+03 3.665627e-07
1.328000e+03 3.668758e-07
1.329000e+03 3.671889e-07
1.330000e+03 3.675020e-07
1.331000e+03 3.676498e-07
1.332000e+03 3.677977e-07
1.333000e+03 3.679455e-07
1.334000e+03 3.680934e-07
1.335000e+03 3.682412e-07
1.336000e+03 3.683891e-07
1.337000e+03 3.685369e-07
1.338000e+03 3.686848e-07
1.339000e+03 3.688326e-07
1.340000e+03 3.689805e-07
1.341000e+03 3.691283e-07
1.342000e+03 3.692762e-07
1.343000e+03 3.694240e-07
1.344000e+03 3.695718e-07
1.345000e+03 3.697197e-07
1.346000e+03 3.698675e-07
1.347000e+03 3.700154e-07
1.348000e+03 3.701632e-07
1.349000e+03 3.703111e-07
1.350000e+03 3.704589e-07
1.351000e+03 3.704056e-07
1.352000e+03 3.703523e-07
1.353000e+03 3.702991e-07
1.354000e+03 3.702458e-07
1.355000e+03 3.701925e-07
1.356000e+03 3.701392e-07
1.357000e+03 3.700859e-07
1.358000e+03 3.700326e-07
1.359000e+03 3.699793e-07
1.360000e+03 3.699260e-07
1.361000e+03 3.698727e-07
1.362000e+03 3.698194e-07
1.363000e+03 3.697662e-07
1.364000e+03 3.697129e-07
1.365000e+03 3.696596e-07
1.366000e+03 3.696063e-07
1.367000e+03 3.695530e-07
1.368000e+03 3.694997e-07
1.369000e+03 3.694464e-07
1.370000e+03 3.693931e-07
1.371000e+03 3.694630e-07
1.372000e+03 3.695328e-07
1.373000e+03 3.696027e-07
1.374000e+03 3.696725e-07
1.375000e+03 3.697424e-07
1.376000e+03 3.698122e-07
1.377000e+03 3.698821e-07
1.378000e+03 3.699519e-07
1.379000e+03 3.700218e-07
1.380000e+03 3.700916e-07
1.381000e+03 3.701615e-07
1.382000e+03 3.702313e-07
1.383000e+03 3.703012e-07
1.384000e+03 3.703711e-07
1.385000e+03 3.704409e-07
1.386000e+03 3.705108e-07
1.387000e+03 3.705806e-07
1.388000e+03 3.706505e-07
1.389000e+03 3.707203e-07
1.390000e+03 3.707902e-07
1.391000e+03 3.707075e-07
1.392000e+03 3.706249e-07
1.393000e+03 3.705423e-07
1.394000e+03 3.704597e-07
1.395000e+03 3.703771e-07
1.396000e+03 3.702945e-07
1.397000e+03 3.702118e-07
1.398000e+03 3.701292e-07
1.399000e+03 3.700466e-07
1.400000e+03 3.699640e-07
1.401000e+03 3.698814e-07
1.402000e+03 3.697987e-07
1.403000e+03 3.697161e-07
1.404000e+03 3.696335e-07
1.405000e+03 3.695509e-07
1.406000e+03 3.694683e-07
1.407000e+03 3.693856e-07
1.408000e+03 3.693030e-07
1.409000e+03 3.692204e-07
1.410000e+03 3.691378e-07
1.411000e+03 3.692982e-07
1.412000e+03 3.694586e-07
1.413000e+03 3.696191e-07
1.414000e+03 3.697795e-07
1.415000e+03 3.699399e-07
1.416000e+03 3.701003e-07
1.417000e+03 3.702608e-07
1.418000e+03 3.704212e-07
1.419000e+03 3.705816e-07
1.420000e+03 3.707420e-07
1.421000e+03 3.709024e-07
1.422000e+03 3.710629e-07
1.423000e+03 3.712233e-07
1.424000e+03 3.713837e-07
1.425000e+03 3.715441e-07
1.426000e+03 3.717046e-07
1.427000e+03 3.718650e-07
1.428000e+03 3.720254e-07
1.429000e+03 3.721858e-07
1.430000e+03 3.723463e-07
1.431000e+03 3.726787e-07
1.432000e+03 3.730112e-07
1.433000e+03 3.733436e-07
1.434000e+03 3.736761e-07
1.435000e+03 3.740085e-07
1.436000e+03 3.743410e-07
1.437000e+03 3.746734e-07
1.438000e+03 3.750059e-07
1.439000e+03 3.753383e-07
1.440000e+03 3.756708e-07
1.441000e+03 3.760032e-07
1.442000e+03 3.763357e-07
1.443000e+03 3.766681e-07
1.444000e+03 3.770006e-07
1.445000e+03 3.773330e-07
1.446000e+03 3.776655e-07
1.447000e+03 3.779979e-07
1.448000e+03 3.783304e-07
1.449000e+03 3.786628e-07
1.450000e+03 3.789953e-07
1.451000e+03 3.790998e-07
1.452000e+03 3.792043e-07
1.453000e+03 3.793088e-07
1.454000e+03 3.794133e-07
1.455000e+03 3.795178e-07
1.456000e+03 3.796223e-07
1.457000e+03 3.797269e-07
1.458000e+03 3.798314e-07
1.459000e+03 3.799359e-07
1.460000e+03 3.800404e-07
1.461000e+03 3.801449e-07
1.462000e+03 3.802494e-07
1.463000e+03 3.803539e-07
1.464000e+03 3.804585e-07
1.465000e+03 3.805630e-07
1.466000e+03 3.806675e-07
1.467000e+03 3.807720e-07
1.468000e+03 3.808765e-07
1.469000e+03 3.809810e-07
1.470000e+03 3.810855e-07
1.471000e+03 3.810884e-07
1.472000e+03 3.810913e-07
1.473000e+03 3.810942e-07
1.474000e+03 3.810971e-07
1.475000e+03 3.811000e-07
1.476000e+03 3.811029e-07
1.477000e+03 3.811058e-07
1.478000e+03 3.811086e-07
1.479000e+03 3.811115e-07
1.480000e+03 3.811144e-07
1.481000e+03 3.811173e-07
1.482000e+03 3.811202e-07
1.483000e+03 3.811231e-07
1.484000e+03 3.811260e-07
1.485000e+03 3.811288e-07
1.486000e+03 3.811317e-07
1.487000e+03 3.811346e-07
1.488000e+03 3.811375e-07
1.489000e+03 3.811404e-07
1.490000e+03 3.811433e-07
1.491000e+03 3.815460e-07
1.492000e+03 3.819487e-07
1.493000e+03 3.823514e-07
1.494000e+03 3.827541e-07
1.495000e+03 3.831568e-07
1.496000e+03 3.835595e-07
1.497000e+03 3.839621e-07
1.498000e+03 3.843648e-07
1.499000e+03 3.847675e-07
1.500000e+03 3.851702e-07
1.501000e+03 3.855729e-07
1.502000e+03 3.859756e-07
1.503000e+03 3.863783e-07
1.504000e+03 3.867810e-07
1.505000e+03 3.871837e-07
1.506000e+03 3.875864e-07
1.507000e+03 3.879891e-07
1.508000e+03 3.883918e-07
1.509000e+03 3.887945e-07
1.510000e+03 3.891972e-07
1.511000e+03 3.892783e-07
1.512000e+03 3.893595e-07
1.513000e+03 3.894406e-07
1.514000e+03 3.895217e-07
1.515000e+03 3.896028e-07
1.516000e+03 3.896840e-07
1.517000e+03 3.897651e-07
1.518000e+03 3.898462e-07
1.519000e+03 3.899273e-07
1.520000e+03 3.900085e-07
1.521000e+03 3.900896e-07
1.522000e+03 3.901707e-07
1.523000e+03 3.902518e-07
1.524000e+03 3.903330e-07
1.525000e+03 3.904141e-07
1.526000e+03 3.904952e-07
1.527000e+03 3.905763e-07
1.528000e+03 3.906575e-07
1.529000e+03 3.907386e-07
1.530000e+03 3.908197e-07
1.531000e+03 3.909074e-07
1.532000e+03 3.909951e-07
1.533000e+03 3.910828e-07
1.534000e+03 3.911704e-07
1.535000e+03 3.912581e-07
1.536000e+03 3.913458e-07
1.537000e+03 3.914335e-07
1.538000e+03 3.915211e-07
1.539000e+03 3.916088e-07
1.540000e+03 3.916965e-07
1.541000e+03 3.917842e-07
1.542000e+03 3.918718e-07
1.543000e+03 3.919595e-07
1.544000e+03 3.920472e-07
1.545000e+03 3.921349e-07
1.546000e+03 3.922225e-07
1.547000e+03 3.923102e-07
1.548000e+03 3.923979e-07
1.549000e+03 3.924856e-07
1.550000e+03 3.925733e-07
1.551000e+03 3.931408e-07
1.552000e+03 3.937084e-07
1.553000e+03 3.942759e-07
1.554000e+03 3.948435e-07
1.555000e+03 3.954110e-07
1.556000e+03 3.959786e-07
1.557000e+03 3.965461e-07
1.558000e+03 3.971137e-07
1.559000e+03 3.976812e-07
1.560000e+03 3.982488e-07
1.561000e+03 3.988163e-07
1.562000e+03 3.993839e-07
1.563000e+03 3.999514e-07
1.564000e+03 4.005190e-07
1.565000e+03 4.010865e-07
1.566000e+03 4.016541e-07
1.567000e+03 4.022216e-07
1.568000e+03 4.027892e-07
1.569000e+03 4.033567e-07
1.570000e+03 4.039243e-07
1.571000e+03 4.041627e-07
1.572000e+03 4.044012e-07
1.573000e+03 4.046397e-07
1.574000e+03 4.048782e-07
1.575000e+03 4.051167e-07
1.576000e+03 4.053552e-07
1.577000e+03 4.055937e-07
1.578000e+03 4.058322e-07
1.579000e+03 4.060707e-07
1.580000e+03 4.063092e-07
1.581000e+03 4.065477e-07
1.582000e+03 4.067862e-07
1.583000e+03 4.070247e-07
1.584000e+03 4.072631e-07
1.585000e+03 4.075016e-07
1.586000e+03 4.077401e-07
1.587000e+03 4.079786e-07
1.588000e+03 4.082171e-07
1.589000e+03 4.084556e-07
1.590000e+03 4.086941e-07
1.591000e+03 4.089849e-07
1.592000e+03 4.092758e-07
1.593000e+03 4.095666e-07
1.594000e+03 4.098574e-07
1.595000e+03 4.101483e-07
1.596000e+03 4.104391e-07
1.597000e+03 4.107299e-07
1.598000e+03 4.110208e-07
1.599000e+03 4.113116e-07
1.600000e+03 4.116024e-07
1.601000e+03 4.118932e-07
1.602000e+03 4.121841e-07
1.603000e+03 4.124749e-07
1.604000e+03 4.127657e-07
1.605000e+03 4.130566e-07
1.606000e+03 4.133474e-07
1.607000e+03 4.136382e-07
1.608000e+03 4.139291e-07
1.609000e+03 4.142199e-07
1.610000e+03 4.145107e-07
1.611000e+03 4.148037e-07
1.612000e+03 4.150966e-07
1.613000e+03 4.153896e-07
1.614000e+03 4.156825e-07
1.615000e+03 4.159755e-07
1.616000e+03 4.162684e-07
1.617000e+03 4.165614e-07
1.618000e+03 4.168543e-07
1.619000e+03 4.171473e-07
1.620000e+03 4.174403e-07
1.621000e+03 4.177332e-07
1.622000e+03 4.180262e-07
1.623000e+03 4.183191e-07
1.624000e+03 4.186121e-07
1.625000e+03 4.189050e-07
1.626000e+03 4.191980e-07
1.627000e+03 4.194909e-07
1.628000e+03 4.197839e-07
1.629000e+03 4.200768e-07
1.630000e+03 4.203698e-07
1.631000e+03 4.205905e-07
1.632000e+03 4.208112e-07
1.633000e+03 4.210319e-07
1.634000e+03 4.212526e-07
1.635000e+03 4.214733e-07
1.636000e+03 4.216940e-07
1.637000e+03 4.219147e-07
1.638000e+03 4.221354e-07
1.639000e+03 4.223561e-07
1.640000e+03 4.225768e-07
1.641000e+03 4.227975e-07
1.642000e+03 4.230182e-07
1.643000e+03 4.232389e-07
1.644000e+03 4.234596e-07
1.645000e+03 4.236803e-07
1.646000e+03 4.239010e-07
1.647000e+03 4.241217e-07
1.648000e+03 4.243424e-07
1.649000e+03 4.245631e-07
1.650000e+03 4.247838e-07
1.651000e+03 4.253352e-07
1.652000e+03 4.258866e-07
1.653000e+03 4.264379e-07
1.654000e+03 4.269893e-07
1.655000e+03 4.275407e-07
1.656000e+03 4.280920e-07
1.657000e+03 4.286434e-07
1.658000e+03 4.291948e-07
1.659000e+03 4.297462e-07
1.660000e+03 4.302975e-07
1.661000e+03 4.308489e-07
1.662000e+03 4.314003e-07
1.663000e+03 4.319516e-07
1.664000e+03 4.325030e-07
1.665000e+03 4.330544e-07
1.666000e+03 4.336058e-07
1.667000e+03 4.341571e-07
1.668000e+03 4.347085e-07
1.669000e+03 4.352599e-07
1.670000e+03 4.358112e-07
1.671000e+03 4.359031e-07
1.672000e+03 4.359949e-07
1.673000e+03 4.360867e-07
1.674000e+03 4.361785e-07
1.675000e+03 4.362704e-07
1.676000e+03 4.363622e-07
1.677000e+03 4.364540e-07
1.678000e+03 4.365458e-07
1.679000e+03 4.366376e-07
1.680000e+03 4.367295e-07
1.681000e+03 4.368213e-07
1.682000e+03 4.369131e-07
1.683000e+03 4.370049e-07
1.684000e+03 4.370967e-07
1.685000e+03 4.371886e-07
1.686000e+03 4.372804e-07
1.687000e+03 4.373722e-07
1.688000e+03 4.374640e-07
1.689000e+03 4.375559e-07
1.690000e+03 4.376477e-07
1.691000e+03 4.381383e-07
1.692000e+03 4.386290e-07
1.693000e+03 4.391196e-07
1.694000e+03 4.396103e-07
1.695000e+03 4.401009e-07
1.696000e+03 4.405916e-07
1.697000e+03 4.410822e-07
1.698000e+03 4.415729e-07
1.699000e+03 4.420635e-07
1.700000e+03 4.425542e-07
1.701000e+03 4.430449e-07
1.702000e+03 4.435355e-07
1.703000e+03 4.440262e-07
1.704000e+03 4.445168e-07
1.705000e+03 4.450075e-07
1.706000e+03 4.454981e-07
1.707000e+03 4.459888e-07
1.708000e+03 4.464794e-07
1.709000e+03 4.469701e-07
1.710000e+03 4.474607e-07
1.711000e+03 4.478065e-07
1.712000e+03 4.481523e-07
1.713000e+03 4.484981e-07
1.714000e+03 4.488439e-07
1.715000e+03 4.491897e-07
1.716000e+03 4.495355e-07
1.717000e+03 4.498813e-07
1.718000e+03 4.502270e-07
1.719000e+03 4.505728e-07
1.720000e+03 4.509186e-07
1.721000e+03 4.512644e-07
1.722000e+03 4.516102e-07
1.723000e+03 4.519560e-07
1.724000e+03 4.523018e-07
1.725000e+03 4.526476e-07
1.726000e+03 4.529934e-07
1.727000e+03 4.533392e-07
1.728000e+03 4.536850e-07
1.729000e+03 4.540308e-07
1.730000e+03 4.543765e-07
1.731000e+03 4.547415e-07
1.732000e+03 4.551064e-07
1.733000e+03 4.554713e-07
1.734000e+03 4.558362e-07
1.735000e+03 4.562011e-07
1.736000e+03 4.565660e-07
1.737000e+03 4.569309e-07
1.738000e+03 4.572958e-07
1.739000e+03 4.576608e-07
1.740000e+03 4.580257e-07
1.741000e+03 4.583906e-07
1.742000e+03 4.587555e-07
1.743000e+03 4.591204e-07
1.744000e+03 4.594853e-07
1.745000e+03 4.598502e-07
1.746000e+03 4.602152e-07
1.747000e+03 4.605801e-07
1.748000e+03 4.609450e-07
1.749000e+03 4.613099e-07
1.750000e+03 4.616748e-07
1.751000e+03 4.623285e-07
1.752000e+03 4.629822e-07
1.753000e+03 4.636358e-07
1.754000e+03 4.642895e-07
1.755000e+03 4.649432e-07
1.756000e+03 4.655969e-07
1.757000e+03 4.662506e-07
1.758000e+03 4.669042e-07
1.759000e+03 4.675579e-07
1.760000e+03 4.682116e-07
1.761000e+03 4.688653e-07
1.762000e+03 4.695189e-07
1.763000e+03 4.701726e-07
1.764000e+03 4.708263e-07
1.765000e+03 4.714800e-07
1.766000e+03 4.721337e-07
1.767000e+03 4.727873e-07
1.768000e+03 4.734410e-07
1.769000e+03 4.740947e-07
1.770000e+03 4.747484e-07
1.771000e+03 4.752756e-07
1.772000e+03 4.758028e-07
1.773000e+03 4.763301e-07
1.774000e+03 4.768573e-07
1.775000e+03 4.773845e-07
1.776000e+03 4.779118e-07
1.777000e+03 4.784390e-07
1.778000e+03 4.789662e-07
1.779000e+03 4.794935e-07
1.780000e+03 4.800207e-07
1.781000e+03 4.805479e-07
1.782000e+03 4.810751e-07
1.783000e+03 4.816024e-07
1.784000e+03 4.821296e-07
1.785000e+03 4.826568e-07
1.786000e+03 4.831841e-07
1.787000e+03 4.837113e-07
1.788000e+03 4.842385e-07
1.789000e+03 4.847658e-07
1.790000e+03 4.852930e-07
1.791000e+03 4.857316e-07
1.792000e+03 4.861703e-07
1.793000e+03 4.866089e-07
1.794000e+03 4.870475e-07
1.795000e+03 4.874862e-07
1.796000e+03 4.879248e-07
1.797000e+03 4.883634e-07
1.798000e+03 4.888021e-07
1.799000e+03 4.892407e-07
1.800000e+03 4.896793e-07
1.801000e+03 4.901180e-07
1.802000e+03 4.905566e-07
1.803000e+03 4.909952e-07
1.804000e+03 4.914339e-07
1.805000e+03 4.918725e-07
1.806000e+03 4.923111e-07
1.807000e+03 4.927498e-07
1.808000e+03 4.931884e-07
1.809000e+03 4.936271e-07
1.810000e+03 4.940657e-07
1.811000e+03 4.945010e-07
1.812000e+03 4.949364e-07
1.813000e+03 4.953717e-07
1.814000e+03 4.958070e-07
1.815000e+03 4.962424e-07
1.816000e+03 4.966777e-07
1.817000e+03 4.971131e-07
1.818000e+03 4.975484e-07
1.819000e+03 4.979837e-07
1.820000e+03 4.984191e-07
1.821000e+03 4.988544e-07
1.822000e+03 4.992898e-07
1.823000e+03 4.997251e-07
1.824000e+03 5.001604e-07
1.825000e+03 5.005958e-07
1.826000e+03 5.010311e-07
1.827000e+03 5.014665e-07
1.828000e+03 5.019018e-07
1.829000e+03 5.023371e-07
1.830000e+03 5.027725e-07
1.831000e+03 5.034354e-07
1.832000e+03 5.040983e-07
1.833000e+03 5.047612e-07
1.834000e+03 5.054240e-07
1.835000e+03 5.060869e-07
1.836000e+03 5.067498e-07
1.837000e+03 5.074127e-07
1.838000e+03 5.080756e-07
1.839000e+03 5.087385e-07
1.840000e+03 5.094014e-07
1.841000e+03 5.100643e-07
1.842000e+03 5.107272e-07
1.843000e+03 5.113901e-07
1.844000e+03 5.120530e-07
1.845000e+03 5.127159e-07
1.846000e+03 5.133788e-07
1.847000e+03 5.140417e-07
1.848000e+03 5.147045e-07
1.849000e+03 5.153674e-07
1.850000e+03 5.160303e-07
1.851000e+03 5.171544e-07
1.852000e+03 5.182784e-07
1.853000e+03 5.194024e-07
1.854000e+03 5.205264e-07
1.855000e+03 5.216505e-07
1.856000e+03 5.227745e-07
1.857000e+03 5.238985e-07
1.858000e+03 5.250226e-07
1.859000e+03 5.261466e-07
1.860000e+03 5.272706e-07
1.861000e+03 5.283946e-07
1.862000e+03 5.295187e-07
1.863000e+03 5.306427e-07
1.864000e+03 5.317667e-07
1.865000e+03 5.328907e-07
1.866000e+03 5.340148e-07
1.867000e+03 5.351388e-07
1.868000e+03 5.362628e-07
1.869000e+03 5.373869e-07
1.870000e+03 5.385109e-07
1.871000e+03 5.385078e-07
1.872000e+03 5.385046e-07
1.873000e+03 5.385015e-07
1.874000e+03 5.384984e-07
1.875000e+03 5.384953e-07
1.876000e+03 5.384921e-07
1.877000e+03 5.384890e-07
1.878000e+03 5.384859e-07
1.879000e+03 5.384828e-07
1.880000e+03 5.384797e-07
1.881000e+03 5.384765e-07
1.882000e+03 5.384734e-07
1.883000e+03 5.384703e-07
1.884000e+03 5.384672e-07
1.885000e+03 5.384640e-07
1.886000e+03 5.384609e-07
1.887000e+03 5.384578e-07
1.888000e+03 5.384547e-07
1.889000e+03 5.384516e-07
1.890000e+03 5.384484e-07
1.891000e+03 5.388427e-07
1.892000e+03 5.392370e-07
1.893000e+03 5.396313e-07
1.894000e+03 5.400256e-07
1.895000e+03 5.404199e-07
1.896000e+03 5.408141e-07
1.897000e+03 5.412084e-07
1.898000e+03 5.416027e-07
1.899000e+03 5.419970e-07
1.900000e+03 5.423913e-07
1.901000e+03 5.427856e-07
1.902000e+03 5.431799e-07
1.903000e+03 5.435741e-07
1.904000e+03 5.439684e-07
1.905000e+03 5.443627e-07
1.906000e+03 5.447570e-07
1.907000e+03 5.451513e-07
1.908000e+03 5.455456e-07
1.909000e+03 5.459399e-07
1.910000e+03 5.463341e-07
1.911000e+03 5.475366e-07
1.912000e+03 5.487392e-07
1.913000e+03 5.499417e-07
1.914000e+03 5.511442e-07
1.915000e+03 5.523467e-07
1.916000e+03 5.535492e-07
1.917000e+03 5.547517e-07
1.918000e+03 5.559542e-07
1.919000e+03 5.571567e-07
1.920000e+03 5.583592e-07
1.921000e+03 5.595617e-07
1.922000e+03 5.607642e-07
1.923000e+03 5.619667e-07
1.924000e+03 5.631692e-07
1.925000e+03 5.643717e-07
1.926000e+03 5.655742e-07
1.927000e+03 5.667768e-07
1.928000e+03 5.679793e-07
1.929000e+03 5.691818e-07
1.930000e+03 5.703843e-07
1.931000e+03 5.713079e-07
1.932000e+03 5.722315e-07
1.933000e+03 5.731551e-07
1.934000e+03 5.740787e-07
1.935000e+03 5.750023e-07
1.936000e+03 5.759259e-07
1.937000e+03 5.768495e-07
1.938000e+03 5.777731e-07
1.939000e+03 5.786966e-07
1.940000e+03 5.796202e-07
1.941000e+03 5.805438e-07
1.942000e+03 5.814674e-07
1.943000e+03 5.823910e-07
1.944000e+03 5.833146e-07
1.945000e+03 5.842382e-07
1.946000e+03 5.851618e-07
1.947000e+03 5.860854e-07
1.948000e+03 5.870090e-07
1.949000e+03 5.879326e-07
1.950000e+03 5.888562e-07
1.951000e+03 5.893804e-07
1.952000e+03 5.899045e-07
1.953000e+03 5.904287e-07
1.954000e+03 5.909529e-07
1.955000e+03 5.914770e-07
1.956000e+03 5.920012e-07
1.957000e+03 5.925253e-07
1.958000e+03 5.930495e-07
1.959000e+03 5.935736e-07
1.960000e+03 5.940978e-07
1.961000e+03 5.946220e-07
1.962000e+03 5.951461e-07
1.963000e+03 5.956703e-07
1.964000e+03 5.961944e-07
1.965000e+03 5.967186e-07
1.966000e+03 5.972427e-07
1.967000e+03 5.977669e-07
1.968000e+03 5.982911e-07
1.969000e+03 5.988152e-07
1.970000e+03 5.993394e-07
1.971000e+03 6.008805e-07
1.972000e+03 6.024216e-07
1.973000e+03 6.039626e-07
1.974000e+03 6.055037e-07
1.975000e+03 6.070448e-07
1.976000e+03 6.085859e-07
1.977000e+03 6.101270e-07
1.978000e+03 6.116681e-07
1.979000e+03 6.132091e-07
1.980000e+03 6.147502e-07
1.981000e+03 6.162913e-07
1.982000e+03 6.178324e-07
1.983000e+03 6.193735e-07
1.984000e+03 6.209146e-07
1.985000e+03 6.224557e-07
1.986000e+03 6.239967e-07
1.987000e+03 6.255378e-07
1.988000e+03 6.270789e-07
1.989000e+03 6.286200e-07
1.990000e+03 6.301611e-07
1.991000e+03 6.300197e-07
1.992000e+03 6.298783e-07
1.993000e+03 6.297369e-07
1.994000e+03 6.295955e-07
1.995000e+03 6.294541e-07
1.996000e+03 6.293128e-07
1.997000e+03 6.291714e-07
1.998000e+03 6.290300e-07
1.999000e+03 6.288886e-07
2.000000e+03 6.287472e-07
2.001000e+03 6.225687e-07
2.002000e+03 6.213410e-07
2.003000e+03 6.199520e-07
2.004000e+03 6.184766e-07
2.005000e+03 6.170127e-07
2.006000e+03 6.156694e-07
2.007000e+03 6.145652e-07
2.008000e+03 6.138242e-07
2.009000e+03 6.135610e-07
2.010000e+03 6.138697e-07
2.011000e+03 6.148019e-07
2.012000e+03 6.163741e-07
2.013000e+03 6.185461e-07
2.014000e+03 6.212278e-07
2.015000e+03 6.242793e-07
2.016000e+03 6.275446e-07
2.017000e+03 6.308332e-07
2.018000e+03 6.339680e-07
2.019000e+03 6.367915e-07
2.020000e+03 6.391816e-07
2.021000e+03 6.410688e-07
2.022000e+03 6.424376e-07
2.023000e+03 6.433169e-07
2.024000e+03 6.437843e-07
2.025000e+03 6.439383e-07
2.026000e+03 6.438830e-07
2.027000e+03 6.437181e-07
2.028000e+03 6.435309e-07
2.029000e+03 6.433948e-07
2.030000e+03 6.433759e-07
2.031000e+03 6.435421e-07
2.032000e+03 6.439669e-07
2.033000e+03 6.447300e-07
2.034000e+03 6.459128e-07
2.035000e+03 6.475782e-07
2.036000e+03 6.497507e-07
2.037000e+03 6.524145e-07
2.038000e+03 6.554804e-07
2.039000e+03 6.588077e-07
2.040000e+03 6.622049e-07
2.041000e+03 6.654737e-07
2.042000e+03 6.684277e-07
2.043000e+03 6.709293e-07
2.044000e+03 6.729095e-07
2.045000e+03 6.743700e-07
2.046000e+03 6.753547e-07
2.047000e+03 6.759569e-07
2.048000e+03 6.762782e-07
2.049000e+03 6.764053e-07
2.050000e+03 6.763993e-07
2.051000e+03 6.763063e-07
2.052000e+03 6.761469e-07
2.053000e+03 6.759406e-07
2.054000e+03 6.757133e-07
2.055000e+03 6.755040e-07
2.056000e+03 6.753758e-07
2.057000e+03 6.754017e-07
2.058000e+03 6.756599e-07
2.059000e+03 6.762352e-07
2.060000e+03 6.771971e-07
2.061000e+03 6.785838e-07
2.062000e+03 6.803831e-07
2.063000e+03 6.825387e-07
2.064000e+03 6.849406e-07
2.065000e+03 6.874232e-07
2.066000e+03 6.897923e-07
2.067000e+03 6.918553e-07
2.068000e+03 6.934467e-07
2.069000e+03 6.944499e-07
2.070000e+03 6.948234e-07
2.071000e+03 6.946046e-07
2.072000e+03 6.939062e-07
2.073000e+03 6.928858e-07
2.074000e+03 6.917331e-07
2.075000e+03 6.906276e-07
2.076000e+03 6.897211e-07
2.077000e+03 6.891246e-07
2.078000e+03 6.888937e-07
2.079000e+03 6.890558e-07
2.080000e+03 6.896043e-07
2.081000e+03 6.905143e-07
2.082000e+03 6.917490e-07
2.083000e+03 6.932628e-07
2.084000e+03 6.950100e-07
2.085000e+03 6.969269e-07
2.086000e+03 6.989393e-07
2.087000e+03 7.009697e-07
2.088000e+03 7.029285e-07
2.089000e+03 7.047418e-07
2.090000e+03 7.063559e-07
2.091000e+03 7.077459e-07
2.092000e+03 7.089202e-07
2.093000e+03 7.099280e-07
2.094000e+03 7.108331e-07
2.095000e+03 7.117121e-07
2.096000e+03 7.126404e-07
2.097000e+03 7.136723e-07
2.098000e+03 7.148334e-07
2.099000e+03 7.161234e-07
2.100000e+03 7.175064e-07
2.101000e+03 7.189207e-07
2.102000e+03 7.203029e-07
2.103000e+03 7.216008e-07
2.104000e+03 7.227690e-07
2.105000e+03 7.238028e-07
2.106000e+03 7.247379e-07
2.107000e+03 7.256550e-07
2.108000e+03 7.266619e-07
2.109000e+03 7.278884e-07
2.110000e+03 7.294763e-07
2.111000e+03 7.315517e-07
2.112000e+03 7.342010e-07
2.113000e+03 7.374662e-07
2.114000e+03 7.413267e-07
2.115000e+03 7.456770e-07
2.116000e+03 7.503626e-07
2.117000e+03 7.551769e-07
2.118000e+03 7.598797e-07
2.119000e+03 7.642376e-07
2.120000e+03 7.680567e-07
2.121000e+03 7.712051e-07
2.122000e+03 7.736180e-07
2.123000e+03 7.753183e-07
2.124000e+03 7.763937e-07
2.125000e+03 7.769586e-07
2.126000e+03 7.771506e-07
2.127000e+03 7.770965e-07
2.128000e+03 7.768874e-07
2.129000e+03 7.765883e-07
2.130000e+03 7.762447e-07
2.131000e+03 7.758895e-07
2.132000e+03 7.755597e-07
2.133000e+03 7.753065e-07
2.134000e+03 7.751951e-07
2.135000e+03 7.752921e-07
2.136000e+03 7.756627e-07
2.137000e+03 7.763531e-07
2.138000e+03 7.773826e-07
2.139000e+03 7.787454e-07
2.140000e+03 7.804041e-07
2.141000e+03 7.823137e-07
2.142000e+03 7.844276e-07
2.143000e+03 7.866908e-07
2.144000e+03 7.890660e-07
2.145000e+03 7.915181e-07
2.146000e+03 7.940165e-07
2.147000e+03 7.965391e-07
2.148000e+03 7.990590e-07
2.149000e+03 8.015547e-07
2.150000e+03 8.040231e-07
2.151000e+03 8.064656e-07
2.152000e+03 8.089024e-07
2.153000e+03 8.113895e-07
2.154000e+03 8.139816e-07
2.155000e+03 8.167572e-07
2.156000e+03 8.197958e-07
2.157000e+03 8.231537e-07
2.158000e+03 8.268429e-07
2.159000e+03 8.308231e-07
2.160000e+03 8.350023e-07
2.161000e+03 8.392127e-07
2.162000e+03 8.432738e-07
2.163000e+03 8.470191e-07
2.164000e+03 8.503187e-07
2.165000e+03 8.531418e-07
2.166000e+03 8.555524e-07
2.167000e+03 8.577046e-07
2.168000e+03 8.598256e-07
2.169000e+03 8.621428e-07
2.170000e+03 8.648238e-07
2.171000e+03 8.679495e-07
2.172000e+03 8.714902e-07
2.173000e+03 8.753023e-07
2.174000e+03 8.791641e-07
2.175000e+03 8.828418e-07
2.176000e+03 8.861542e-07
2.177000e+03 8.889974e-07
2.178000e+03 8.913832e-07
2.179000e+03 8.934350e-07
2.180000e+03 8.953490e-07
2.181000e+03 8.973498e-07
2.182000e+03 8.996404e-07
2.183000e+03 9.023446e-07
2.184000e+03 9.054663e-07
2.185000e+03 9.088939e-07
2.186000e+03 9.124122e-07
2.187000e+03 9.157213e-07
2.188000e+03 9.185254e-07
2.189000e+03 9.205708e-07
2.190000e+03 9.216923e-07
2.191000e+03 9.218686e-07
2.192000e+03 9.212363e-07
2.193000e+03 9.200574e-07
2.194000e+03 9.186730e-07
2.195000e+03 9.174743e-07
2.196000e+03 9.168229e-07
2.197000e+03 9.170100e-07
2.198000e+03 9.182377e-07
2.199000e+03 9.206003e-07
2.200000e+03 9.240865e-07
2.201000e+03 9.285841e-07
2.202000e+03 9.339358e-07
2.203000e+03 9.399021e-07
2.204000e+03 9.462201e-07
2.205000e+03 9.526248e-07
2.206000e+03 9.588524e-07
2.207000e+03 9.646957e-07
2.208000e+03 9.700175e-07
2.209000e+03 9.747723e-07
2.210000e+03 9.790159e-07
2.211000e+03 9.828602e-07
2.212000e+03 9.864677e-07
2.213000e+03 9.900034e-07
2.214000e+03 9.935891e-07
2.215000e+03 9.972946e-07
2.216000e+03 1.001125e-06
2.217000e+03 1.005036e-06
2.218000e+03 1.008983e-06
2.219000e+03 1.012919e-06
2.220000e+03 1.016832e-06
2.221000e+03 1.020731e-06
2.222000e+03 1.024647e-06
2.223000e+03 1.028581e-06
2.224000e+03 1.032514e-06
2.225000e+03 1.036388e-06
2.226000e+03 1.040087e-06
2.227000e+03 1.043480e-06
2.228000e+03 1.046414e-06
2.229000e+03 1.048726e-06
2.230000e+03 1.050283e-06
2.231000e+03 1.050987e-06
2.232000e+03 1.050749e-06
2.233000e+03 1.049567e-06
2.234000e+03 1.047550e-06
2.235000e+03 1.044927e-06
2.236000e+03 1.042056e-06
2.237000e+03 1.039424e-06
2.238000e+03 1.037588e-06
2.239000e+03 1.037086e-06
2.240000e+03 1.038345e-06
2.241000e+03 1.041604e-06
2.242000e+03 1.046850e-06
2.243000e+03 1.053805e-06
2.244000e+03 1.061986e-06
2.245000e+03 1.070776e-06
2.246000e+03 1.079551e-06
2.247000e+03 1.087786e-06
2.248000e+03 1.095124e-06
2.249000e+03 1.101435e-06
2.250000e+03 1.106826e-06
2.251000e+03 1.111533e-06
2.252000e+03 1.115898e-06
2.253000e+03 1.120233e-06
2.254000e+03 1.124738e-06
2.255000e+03 1.129491e-06
2.256000e+03 1.134419e-06
2.257000e+03 1.139326e-06
2.258000e+03 1.143992e-06
2.259000e+03 1.148239e-06
2.260000e+03 1.151990e-06
2.261000e+03 1.155299e-06
2.262000e+03 1.158336e-06
2.263000e+03 1.161336e-06
2.264000e+03 1.164533e-06
2.265000e+03 1.168097e-06
2.266000e+03 1.172055e-06
2.267000e+03 1.176301e-06
2.268000e+03 1.180633e-06
2.269000e+03 1.184787e-06
2.270000e+03 1.188523e-06
2.271000e+03 1.191688e-06
2.272000e+03 1.194268e-06
2.273000e+03 1.196407e-06
2.274000e+03 1.198337e-06
2.275000e+03 1.200355e-06
2.276000e+03 1.202754e-06
2.277000e+03 1.205706e-06
2.278000e+03 1.209265e-06
2.279000e+03 1.213336e-06
2.280000e+03 1.217704e-06
2.281000e+03 1.222106e-06
2.282000e+03 1.226310e-06
2.283000e+03 1.230167e-06
2.284000e+03 1.233697e-06
2.285000e+03 1.237063e-06
2.286000e+03 1.240536e-06
2.287000e+03 1.244432e-06
2.288000e+03 1.249031e-06
2.289000e+03 1.254467e-06
2.290000e+03 1.260733e-06
2.291000e+03 1.267601e-06
2.292000e+03 1.274760e-06
2.293000e+03 1.281794e-06
2.294000e+03 1.288324e-06
2.295000e+03 1.294066e-06
2.296000e+03 1.298874e-06
2.297000e+03 1.302798e-06
2.298000e+03 1.306026e-06
2.299000e+03 1.308826e-06
2.300000e+03 1.311540e-06
2.301000e+03 1.314430e-06
2.302000e+03 1.317675e-06
2.303000e+03 1.321338e-06
2.304000e+03 1.325366e-06
2.305000e+03 1.329629e-06
2.306000e+03 1.333965e-06
2.307000e+03 1.338269e-06
2.308000e+03 1.342482e-06
2.309000e+03 1.346685e-06
2.310000e+03 1.351028e-06
2.311000e+03 1.355718e-06
2.312000e+03 1.360972e-06
2.313000e+03 1.366957e-06
2.314000e+03 1.373760e-06
2.315000e+03 1.381392e-06
2.316000e+03 1.389814e-06
2.317000e+03 1.398933e-06
2.318000e+03 1.408713e-06
2.319000e+03 1.419075e-06
2.320000e+03 1.429964e-06
2.321000e+03 1.441308e-06
2.322000e+03 1.452903e-06
2.323000e+03 1.464443e-06
2.324000e+03 1.475461e-06
2.325000e+03 1.485399e-06
2.326000e+03 1.493653e-06
2.327000e+03 1.499672e-06
2.328000e+03 1.503100e-06
2.329000e+03 1.503857e-06
2.330000e+03 1.502145e-06
2.331000e+03 1.498495e-06
2.332000e+03 1.493709e-06
2.333000e+03 1.488672e-06
2.334000e+03 1.484331e-06
2.335000e+03 1.481475e-06
2.336000e+03 1.480676e-06
2.337000e+03 1.482168e-06
2.338000e+03 1.485835e-06
2.339000e+03 1.491255e-06
2.340000e+03 1.497749e-06
2.341000e+03 1.504532e-06
2.342000e+03 1.510884e-06
2.343000e+03 1.516273e-06
2.344000e+03 1.520487e-06
2.345000e+03 1.523665e-06
2.346000e+03 1.526299e-06
2.347000e+03 1.529135e-06
2.348000e+03 1.533030e-06
2.349000e+03 1.538816e-06
2.350000e+03 1.547088e-06
2.351000e+03 1.558149e-06
2.352000e+03 1.571970e-06
2.353000e+03 1.588140e-06
2.354000e+03 1.606016e-06
2.355000e+03 1.624830e-06
2.356000e+03 1.643763e-06
2.357000e+03 1.662088e-06
2.358000e+03 1.679269e-06
2.359000e+03 1.694932e-06
2.360000e+03 1.708869e-06
2.361000e+03 1.720976e-06
2.362000e+03 1.731237e-06
2.363000e+03 1.739645e-06
2.364000e+03 1.746187e-06
2.365000e+03 1.750957e-06
2.366000e+03 1.754073e-06
2.367000e+03 1.755830e-06
2.368000e+03 1.756659e-06
2.369000e+03 1.757078e-06
2.370000e+03 1.757690e-06
2.371000e+03 1.759043e-06
2.372000e+03 1.761563e-06
2.373000e+03 1.765514e-06
2.374000e+03 1.770914e-06
2.375000e+03 1.777581e-06
2.376000e+03 1.785208e-06
2.377000e+03 1.793386e-06
2.378000e+03 1.801763e-06
2.379000e+03 1.810066e-06
2.380000e+03 1.818151e-06
2.381000e+03 1.826034e-06
2.382000e+03 1.833831e-06
2.383000e+03 1.841725e-06
2.384000e+03 1.849853e-06
2.385000e+03 1.858364e-06
2.386000e+03 1.867252e-06
2.387000e+03 1.876415e-06
2.388000e+03 1.885702e-06
2.389000e+03 1.894866e-06
2.390000e+03 1.903670e-06
2.391000e+03 1.911935e-06
2.392000e+03 1.919610e-06
2.393000e+03 1.926725e-06
2.394000e+03 1.933488e-06
2.395000e+03 1.940187e-06
2.396000e+03 1.947210e-06
2.397000e+03 1.954995e-06
2.398000e+03 1.963837e-06
2.399000e+03 1.973905e-06
2.400000e+03 1.985099e-06
2.401000e+03 1.997152e-06
2.402000e+03 2.009537e-06
2.403000e+03 2.021636e-06
2.404000e+03 2.032910e-06
2.405000e+03 2.042931e-06
2.406000e+03 2.051532e-06
2.407000e+03 2.058876e-06
2.408000e+03 2.065374e-06
2.409000e+03 2.071606e-06
2.410000e+03 2.078218e-06
2.411000e+03 2.085679e-06
2.412000e+03 2.094252e-06
2.413000e+03 2.103800e-06
2.414000e+03 2.113872e-06
2.415000e+03 2.123735e-06
2.416000e+03 2.132487e-06
2.417000e+03 2.139293e-06
2.418000e+03 2.143567e-06
2.419000e+03 2.145129e-06
2.420000e+03 2.144253e-06
2.421000e+03 2.141696e-06
2.422000e+03 2.138560e-06
2.423000e+03 2.135988e-06
2.424000e+03 2.135040e-06
2.425000e+03 2.136434e-06
2.426000e+03 2.140389e-06
2.427000e+03 2.146723e-06
2.428000e+03 2.154919e-06
2.429000e+03 2.164299e-06
2.430000e+03 2.174255e-06
2.431000e+03 2.184298e-06
2.432000e+03 2.194160e-06
2.433000e+03 2.203694e-06
2.434000e+03 2.212831e-06
2.435000e+03 2.221417e-06
2.436000e+03 2.229228e-06
2.437000e+03 2.235944e-06
2.438000e+03 2.241203e-06
2.439000e+03 2.244866e-06
2.440000e+03 2.246932e-06
2.441000e+03 2.247744e-06
2.442000e+03 2.247894e-06
2.443000e+03 2.248148e-06
2.444000e+03 2.249328e-06
2.445000e+03 2.252198e-06
2.446000e+03 2.257341e-06
2.447000e+03 2.265024e-06
2.448000e+03 2.275262e-06
2.449000e+03 2.287775e-06
2.450000e+03 2.302013e-06
2.451000e+03 2.317277e-06
2.452000e+03 2.332807e-06
2.453000e+03 2.347853e-06
2.454000e+03 2.361726e-06
2.455000e+03 2.373983e-06
2.456000e+03 2.384389e-06
2.457000e+03 2.392909e-06
2.458000e+03 2.399829e-06
2.459000e+03 2.405628e-06
2.460000e+03 2.410925e-06
2.461000e+03 2.416372e-06
2.462000e+03 2.422564e-06
2.463000e+03 2.429899e-06
2.464000e+03 2.438474e-06
2.465000e+03 2.448110e-06
2.466000e+03 2.458351e-06
2.467000e+03 2.468550e-06
2.468000e+03 2.478053e-06
2.469000e+03 2.486236e-06
2.470000e+03 2.492750e-06
2.471000e+03 2.497531e-06
2.472000e+03 2.500809e-06
2.473000e+03 2.503025e-06
2.474000e+03 2.504785e-06
2.475000e+03 2.506654e-06
2.476000e+03 2.509116e-06
2.477000e+03 2.512408e-06
2.478000e+03 2.516557e-06
2.479000e+03 2.521419e-06
2.480000e+03 2.526594e-06
2.481000e+03 2.531697e-06
2.482000e+03 2.536323e-06
2.483000e+03 2.540157e-06
2.484000e+03 2.543185e-06
2.485000e+03 2.545475e-06
2.486000e+03 2.547308e-06
2.487000e+03 2.549187e-06
2.488000e+03 2.551686e-06
2.489000e+03 2.555367e-06
2.490000e+03 2.560798e-06
2.491000e+03 2.568411e-06
2.492000e+03 2.578460e-06
2.493000e+03 2.590946e-06
2.494000e+03 2.605592e-06
2.495000e+03 2.621912e-06
2.496000e+03 2.639060e-06
2.497000e+03 2.656085e-06
2.498000e+03 2.671911e-06
2.499000e+03 2.685422e-06
2.500000e+03 2.695681e-06
2.501000e+03 2.702013e-06
2.502000e+03 2.704199e-06
2.503000e+03 2.702412e-06
2.504000e+03 2.697303e-06
2.505000e+03 2.690010e-06
2.506000e+03 2.681835e-06
2.507000e+03 2.674155e-06
2.508000e+03 2.668140e-06
2.509000e+03 2.664553e-06
2.510000e+03 2.663603e-06
2.511000e+03 2.664858e-06
2.512000e+03 2.667389e-06
2.513000e+03 2.669934e-06
2.514000e+03 2.671231e-06
2.515000e+03 2.670245e-06
2.516000e+03 2.666530e-06
2.517000e+03 2.660306e-06
2.518000e+03 2.652507e-06
2.519000e+03 2.644628e-06
2.520000e+03 2.638468e-06
2.521000e+03 2.635712e-06
2.522000e+03 2.637683e-06
2.523000e+03 2.645046e-06
2.524000e+03 2.657697e-06
2.525000e+03 2.674846e-06
2.526000e+03 2.695260e-06
2.527000e+03 2.717377e-06
2.528000e+03 2.739597e-06
2.529000e+03 2.760594e-06
2.530000e+03 2.779350e-06
2.531000e+03 2.795150e-06
2.532000e+03 2.807618e-06
2.533000e+03 2.816548e-06
2.534000e+03 2.821833e-06
2.535000e+03 2.823444e-06
2.536000e+03 2.821430e-06
2.537000e+03 2.815979e-06
2.538000e+03 2.807390e-06
2.539000e+03 2.796268e-06
2.540000e+03 2.783383e-06
2.541000e+03 2.769580e-06
2.542000e+03 2.755821e-06
2.543000e+03 2.742862e-06
2.544000e+03 2.731267e-06
2.545000e+03 2.721334e-06
2.546000e+03 2.712954e-06
2.547000e+03 2.705886e-06
2.548000e+03 2.699755e-06
2.549000e+03 2.694299e-06
2.550000e+03 2.689434e-06
2.551000e+03 2.685362e-06
2.552000e+03 2.682393e-06
2.553000e+03 2.680966e-06
2.554000e+03 2.681407e-06
2.555000e+03 2.683779e-06
2.556000e+03 2.687893e-06
2.557000e+03 2.693243e-06
2.558000e+03 2.699206e-06
2.559000e+03 2.705241e-06
2.560000e+03 2.711048e-06
2.561000e+03 2.716670e-06
2.562000e+03 2.722677e-06
2.563000e+03 2.729868e-06
2.564000e+03 2.739050e-06
2.565000e+03 2.750904e-06
2.566000e+03 2.765639e-06
2.567000e+03 2.782922e-06
2.568000e+03 2.801881e-06
2.569000e+03 2.821341e-06
2.570000e+03 2.839926e-06
2.571000e+03 2.856452e-06
2.572000e+03 2.870211e-06
2.573000e+03 2.880902e-06
2.574000e+03 2.888746e-06
2.575000e+03 2.894435e-06
2.576000e+03 2.898732e-06
2.577000e+03 2.902349e-06
2.578000e+03 2.905817e-06
2.579000e+03 2.909325e-06
2.580000e+03 2.912636e-06
2.581000e+03 2.915369e-06
2.582000e+03 2.917118e-06
2.583000e+03 2.917401e-06
2.584000e+03 2.916019e-06
2.585000e+03 2.913071e-06
2.586000e+03 2.908914e-06
2.587000e+03 2.904197e-06
2.588000e+03 2.899569e-06
2.589000e+03 2.895853e-06
2.590000e+03 2.893714e-06
2.591000e+03 2.893666e-06
2.592000e+03 2.896165e-06
2.593000e+03 2.901423e-06
2.594000e+03 2.909473e-06
2.595000e+03 2.920110e-06
2.596000e+03 2.932898e-06
2.597000e+03 2.947060e-06
2.598000e+03 2.961552e-06
2.599000e+03 2.975047e-06
2.600000e+03 2.986204e-06
2.601000e+03 2.993801e-06
2.602000e+03 2.996939e-06
2.603000e+03 2.995259e-06
2.604000e+03 2.989004e-06
2.605000e+03 2.979082e-06
2.606000e+03 2.966671e-06
2.607000e+03 2.953170e-06
2.608000e+03 2.939961e-06
2.609000e+03 2.928118e-06
2.610000e+03 2.918274e-06
2.611000e+03 2.910762e-06
2.612000e+03 2.905531e-06
2.613000e+03 2.902300e-06
2.614000e+03 2.900904e-06
2.615000e+03 2.901238e-06
2.616000e+03 2.903451e-06
2.617000e+03 2.907972e-06
2.618000e+03 2.915361e-06
2.619000e+03 2.926178e-06
2.620000e+03 2.940744e-06
2.621000e+03 2.959058e-06
2.622000e+03 2.980473e-06
2.623000e+03 3.003804e-06
2.624000e+03 3.027493e-06
2.625000e+03 3.049663e-06
2.626000e+03 3.068391e-06
2.627000e+03 3.082123e-06
2.628000e+03 3.089720e-06
2.629000e+03 3.090673e-06
2.630000e+03 3.085087e-06
2.631000e+03 3.073669e-06
2.632000e+03 3.057601e-06
2.633000e+03 3.038245e-06
2.634000e+03 3.017260e-06
2.635000e+03 2.996162e-06
2.636000e+03 2.976309e-06
2.637000e+03 2.958725e-06
2.638000e+03 2.944082e-06
2.639000e+03 2.932716e-06
2.640000e+03 2.924545e-06
2.641000e+03 2.919205e-06
2.642000e+03 2.916247e-06
2.643000e+03 2.915274e-06
2.644000e+03 2.915929e-06
2.645000e+03 2.918159e-06
2.646000e+03 2.922104e-06
2.647000e+03 2.928220e-06
2.648000e+03 2.936938e-06
2.649000e+03 2.948623e-06
2.650000e+03 2.963539e-06
2.651000e+03 2.981579e-06
2.652000e+03 3.002076e-06
2.653000e+03 3.024032e-06
2.654000e+03 3.046003e-06
2.655000e+03 3.066238e-06
2.656000e+03 3.082928e-06
2.657000e+03 3.094387e-06
2.658000e+03 3.099309e-06
2.659000e+03 3.097129e-06
2.660000e+03 3.088104e-06
2.661000e+03 3.073486e-06
2.662000e+03 3.055290e-06
2.663000e+03 3.036056e-06
2.664000e+03 3.018449e-06
2.665000e+03 3.004775e-06
2.666000e+03 2.996514e-06
2.667000e+03 2.994093e-06
2.668000e+03 2.996810e-06
2.669000e+03 3.003132e-06
2.670000e+03 3.011022e-06
2.671000e+03 3.018363e-06
2.672000e+03 3.023360e-06
2.673000e+03 3.025050e-06
2.674000e+03 3.023296e-06
2.675000e+03 3.018581e-06
2.676000e+03 3.011934e-06
2.677000e+03 3.004579e-06
2.678000e+03 2.997604e-06
2.679000e+03 2.991657e-06
2.680000e+03 2.986881e-06
2.681000e+03 2.983142e-06
2.682000e+03 2.980006e-06
2.683000e+03 2.976967e-06
2.684000e+03 2.973691e-06
2.685000e+03 2.970071e-06
2.686000e+03 2.966211e-06
2.687000e+03 2.962410e-06
2.688000e+03 2.958872e-06
2.689000e+03 2.955851e-06
2.690000e+03 2.953448e-06
2.691000e+03 2.951643e-06
2.692000e+03 2.950505e-06
2.693000e+03 2.950323e-06
2.694000e+03 2.951374e-06
2.695000e+03 2.954207e-06
2.696000e+03 2.959316e-06
2.697000e+03 2.966955e-06
2.698000e+03 2.977056e-06
2.699000e+03 2.988984e-06
2.700000e+03 3.001574e-06
2.701000e+03 3.013391e-06
2.702000e+03 3.022836e-06
2.703000e+03 3.028566e-06
2.704000e+03 3.029963e-06
2.705000e+03 3.026919e-06
2.706000e+03 3.020133e-06
2.707000e+03 3.011053e-06
2.708000e+03 3.001386e-06
2.709000e+03 2.992836e-06
2.710000e+03 2.986859e-06
2.711000e+03 2.984412e-06
2.712000e+03 2.985819e-06
2.713000e+03 2.990861e-06
2.714000e+03 2.998660e-06
2.715000e+03 3.008101e-06
2.716000e+03 3.017864e-06
2.717000e+03 3.026639e-06
2.718000e+03 3.033295e-06
2.719000e+03 3.037004e-06
2.720000e+03 3.037479e-06
2.721000e+03 3.034893e-06
2.722000e+03 3.029884e-06
2.723000e+03 3.023520e-06
2.724000e+03 3.017056e-06
2.725000e+03 3.011608e-06
2.726000e+03 3.008051e-06
2.727000e+03 3.006690e-06
2.728000e+03 3.007271e-06
2.729000e+03 3.008971e-06
2.730000e+03 3.010617e-06
2.731000e+03 3.010951e-06
2.732000e+03 3.008871e-06
2.733000e+03 3.003737e-06
2.734000e+03 2.995404e-06
2.735000e+03 2.984410e-06
2.736000e+03 2.971546e-06
2.737000e+03 2.957899e-06
2.738000e+03 2.944472e-06
2.739000e+03 2.932067e-06
2.740000e+03 2.921192e-06
2.741000e+03 2.911984e-06
2.742000e+03 2.904289e-06
2.743000e+03 2.897987e-06
2.744000e+03 2.892918e-06
2.745000e+03 2.889065e-06
2.746000e+03 2.886757e-06
2.747000e+03 2.886510e-06
2.748000e+03 2.888871e-06
2.749000e+03 2.894442e-06
2.750000e+03 2.903669e-06
2.751000e+03 2.916613e-06
2.752000e+03 2.932963e-06
2.753000e+03 2.952101e-06
2.754000e+03 2.972937e-06
2.755000e+03 2.994096e-06
2.756000e+03 3.013969e-06
2.757000e+03 3.030915e-06
2.758000e+03 3.043262e-06
2.759000e+03 3.049639e-06
2.760000e+03 3.049153e-06
2.761000e+03 3.041522e-06
2.762000e+03 3.027277e-06
2.763000e+03 3.007689e-06
2.764000e+03 2.984707e-06
2.765000e+03 2.960711e-06
2.766000e+03 2.938033e-06
2.767000e+03 2.918676e-06
2.768000e+03 2.904018e-06
2.769000e+03 2.894503e-06
2.770000e+03 2.889730e-06
2.771000e+03 2.888584e-06
2.772000e+03 2.889455e-06
2.773000e+03 2.890683e-06
2.774000e+03 2.890846e-06
2.775000e+03 2.889003e-06
2.776000e+03 2.884752e-06
2.777000e+03 2.878361e-06
2.778000e+03 2.870357e-06
2.779000e+03 2.861532e-06
2.780000e+03 2.852400e-06
2.781000e+03 2.843303e-06
2.782000e+03 2.834236e-06
2.783000e+03 2.825055e-06
2.784000e+03 2.815568e-06
2.785000e+03 2.805933e-06
2.786000e+03 2.796605e-06
2.787000e+03 2.788532e-06
2.788000e+03 2.782876e-06
2.789000e+03 2.780736e-06
2.790000e+03 2.782945e-06
2.791000e+03 2.789751e-06
2.792000e+03 2.800701e-06
2.793000e+03 2.814702e-06
2.794000e+03 2.830281e-06
2.795000e+03 2.845768e-06
2.796000e+03 2.859567e-06
2.797000e+03 2.870460e-06
2.798000e+03 2.877597e-06
2.799000e+03 2.880545e-06
2.800000e+03 2.879280e-06
2.801000e+03 2.873974e-06
2.802000e+03 2.864962e-06
2.803000e+03 2.852653e-06
2.804000e+03 2.837510e-06
2.805000e+03 2.819971e-06
2.806000e+03 2.800515e-06
2.807000e+03 2.779671e-06
2.808000e+03 2.757973e-06
2.809000e+03 2.736021e-06
2.810000e+03 2.714521e-06
2.811000e+03 2.694205e-06
2.812000e+03 2.675711e-06
2.813000e+03 2.659843e-06
2.814000e+03 2.647292e-06
2.815000e+03 2.638671e-06
2.816000e+03 2.634515e-06
2.817000e+03 2.635227e-06
2.818000e+03 2.640992e-06
2.819000e+03 2.651743e-06
2.820000e+03 2.667091e-06
2.821000e+03 2.686347e-06
2.822000e+03 2.708472e-06
2.823000e+03 2.732223e-06
2.824000e+03 2.756275e-06
2.825000e+03 2.779338e-06
2.826000e+03 2.800388e-06
2.827000e+03 2.818768e-06
2.828000e+03 2.834187e-06
2.829000e+03 2.846790e-06
2.830000e+03 2.857000e-06
2.831000e+03 2.865254e-06
2.832000e+03 2.872069e-06
2.833000e+03 2.877831e-06
2.834000e+03 2.882760e-06
2.835000e+03 2.887019e-06
2.836000e+03 2.890800e-06
2.837000e+03 2.894361e-06
2.838000e+03 2.898064e-06
2.839000e+03 2.902420e-06
2.840000e+03 2.907901e-06
2.841000e+03 2.914663e-06
2.842000e+03 2.922638e-06
2.843000e+03 2.931352e-06
2.844000e+03 2.939921e-06
2.845000e+03 2.947340e-06
2.846000e+03 2.952566e-06
2.847000e+03 2.954798e-06
2.848000e+03 2.953557e-06
2.849000e+03 2.948655e-06
2.850000e+03 2.940155e-06
2.851000e+03 2.928259e-06
2.852000e+03 2.913140e-06
2.853000e+03 2.894929e-06
2.854000e+03 2.873745e-06
2.855000e+03 2.849903e-06
2.856000e+03 2.824010e-06
2.857000e+03 2.797062e-06
2.858000e+03 2.770437e-06
2.859000e+03 2.745888e-06
2.860000e+03 2.725198e-06
2.861000e+03 2.709941e-06
2.862000e+03 2.701401e-06
2.863000e+03 2.700264e-06
2.864000e+03 2.706608e-06
2.865000e+03 2.719967e-06
2.866000e+03 2.739445e-06
2.867000e+03 2.763745e-06
2.868000e+03 2.791411e-06
2.869000e+03 2.820754e-06
2.870000e+03 2.849993e-06
2.871000e+03 2.877372e-06
2.872000e+03 2.901039e-06
2.873000e+03 2.919111e-06
2.874000e+03 2.929959e-06
2.875000e+03 2.932230e-06
2.876000e+03 2.925036e-06
2.877000e+03 2.908221e-06
2.878000e+03 2.882372e-06
2.879000e+03 2.848884e-06
2.880000e+03 2.809842e-06
2.881000e+03 2.767787e-06
2.882000e+03 2.725511e-06
2.883000e+03 2.685550e-06
2.884000e+03 2.650124e-06
2.885000e+03 2.620861e-06
2.886000e+03 2.598653e-06
2.887000e+03 2.583791e-06
2.888000e+03 2.575971e-06
2.889000e+03 2.574520e-06
2.890000e+03 2.578559e-06
2.891000e+03 2.587114e-06
2.892000e+03 2.599199e-06
2.893000e+03 2.613965e-06
2.894000e+03 2.630643e-06
2.895000e+03 2.648592e-06
2.896000e+03 2.667217e-06
2.897000e+03 2.686031e-06
2.898000e+03 2.704563e-06
2.899000e+03 2.722277e-06
2.900000e+03 2.738482e-06
2.901000e+03 2.752458e-06
2.902000e+03 2.763233e-06
2.903000e+03 2.769731e-06
2.904000e+03 2.770882e-06
2.905000e+03 2.765784e-06
2.906000e+03 2.753973e-06
2.907000e+03 2.735633e-06
2.908000e+03 2.711619e-06
2.909000e+03 2.683541e-06
2.910000e+03 2.653581e-06
2.911000e+03 2.624054e-06
2.912000e+03 2.597147e-06
2.913000e+03 2.574636e-06
2.914000e+03 2.557663e-06
2.915000e+03 2.546482e-06
2.916000e+03 2.540750e-06
2.917000e+03 2.539605e-06
2.918000e+03 2.541929e-06
2.919000e+03 2.546435e-06
2.920000e+03 2.551969e-06
2.921000e+03 2.557497e-06
2.922000e+03 2.562154e-06
2.923000e+03 2.565248e-06
2.924000e+03 2.566327e-06
2.925000e+03 2.564978e-06
2.926000e+03 2.561119e-06
2.927000e+03 2.554868e-06
2.928000e+03 2.546574e-06
2.929000e+03 2.536770e-06
2.930000e+03 2.526080e-06
2.931000e+03 2.515144e-06
2.932000e+03 2.504556e-06
2.933000e+03 2.494790e-06
2.934000e+03 2.486297e-06
2.935000e+03 2.479483e-06
2.936000e+03 2.474657e-06
2.937000e+03 2.472270e-06
2.938000e+03 2.472661e-06
2.939000e+03 2.475984e-06
2.940000e+03 2.482105e-06
2.941000e+03 2.490545e-06
2.942000e+03 2.500326e-06
2.943000e+03 2.510264e-06
2.944000e+03 2.519018e-06
2.945000e+03 2.525487e-06
2.946000e+03 2.529030e-06
2.947000e+03 2.529548e-06
2.948000e+03 2.527586e-06
2.949000e+03 2.524244e-06
2.950000e+03 2.520738e-06
2.951000e+03 2.518253e-06
2.952000e+03 2.517725e-06
2.953000e+03 2.519633e-06
2.954000e+03 2.524025e-06
2.955000e+03 2.530560e-06
2.956000e+03 2.538830e-06
2.957000e+03 2.548392e-06
2.958000e+03 2.558830e-06
2.959000e+03 2.569819e-06
2.960000e+03 2.581055e-06
2.961000e+03 2.592056e-06
2.962000e+03 2.602282e-06
2.963000e+03 2.611035e-06
2.964000e+03 2.617582e-06
2.965000e+03 2.621484e-06
2.966000e+03 2.622683e-06
2.967000e+03 2.621614e-06
2.968000e+03 2.619298e-06
2.969000e+03 2.617176e-06
2.970000e+03 2.616826e-06
2.971000e+03 2.619660e-06
2.972000e+03 2.626659e-06
2.973000e+03 2.638036e-06
2.974000e+03 2.653225e-06
2.975000e+03 2.670887e-06
2.976000e+03 2.689167e-06
2.977000e+03 2.706008e-06
2.978000e+03 2.719383e-06
2.979000e+03 2.727840e-06
2.980000e+03 2.730586e-06
2.981000e+03 2.727331e-06
2.982000e+03 2.718908e-06
2.983000e+03 2.706692e-06
2.984000e+03 2.692207e-06
2.985000e+03 2.677052e-06
2.986000e+03 2.662409e-06
2.987000e+03 2.648688e-06
2.988000e+03 2.635356e-06
2.989000e+03 2.620692e-06
2.990000e+03 2.601795e-06
2.991000e+03 2.574703e-06
2.992000e+03 2.534574e-06
2.993000e+03 2.476070e-06
2.994000e+03 2.393959e-06
2.995000e+03 2.283869e-06
2.996000e+03 2.143097e-06
2.997000e+03 1.971346e-06
2.998000e+03 1.771304e-06
2.999000e+03 1.548864e-06
3.000000e+03 1.312675e-06
3.001000e+03 1.073252e-06
3.002000e+03 8.416686e-07
3.003000e+03 6.280854e-07
3.004000e+03 4.405542e-07
3.005000e+03 2.841085e-07
3.006000e+03 1.604504e-07
3.007000e+03 6.834984e-08
3.008000e+03 4.258143e-09
3.009000e+03 -3.675404e-08
3.010000e+03 -6.006405e-08
3.011000e+03 -7.075198e-08
3.012000e+03 -7.316761e-08
3.013000e+03 -7.071756e-08
3.014000e+03 -6.578433e-08
3.015000e+03 -5.994420e-08
3.016000e+03 -5.414058e-08
3.017000e+03 -4.884226e-08
3.018000e+03 -4.422002e-08
3.019000e+03 -4.028097e-08
3.020000e+03 -3.701638e-08
3.021000e+03 -3.429007e-08
3.022000e+03 -3.184655e-08
3.023000e+03 -2.982788e-08
3.024000e+03 -2.812709e-08
3.025000e+03 -2.658586e-08
3.026000e+03 -2.518609e-08
3.027000e+03 -2.391106e-08
3.028000e+03 -2.271553e-08
3.029000e+03 -2.158363e-08
3.030000e+03 -2.051195e-08
3.031000e+03 -1.948842e-08
3.032000e+03 -1.851101e-08
3.033000e+03 -1.758261e-08
3.034000e+03 -1.670116e-08
3.035000e+03 -1.586954e-08
3.036000e+03 -1.508911e-08
3.037000e+03 -1.436036e-08
3.038000e+03 -1.368446e-08
3.039000e+03 -1.306001e-08
3.040000e+03 -1.248575e-08
3.041000e+03 -1.195907e-08
3.042000e+03 -1.147635e-08
3.043000e+03 -1.103373e-08
3.044000e+03 -1.062683e-08
3.045000e+03 -1.025079e-08
3.046000e+03 -9.900857e-09
3.047000e+03 -9.572634e-09
3.048000e+03 -9.261943e-09
3.049000e+03 -8.965008e-09
3.050000e+03 -8.679024e-09
3.051000e+03 -8.401536e-09
3.052000e+03 -8.130836e-09
3.053000e+03 -7.866109e-09
3.054000e+03 -7.606959e-09
3.055000e+03 -7.353773e-09
3.056000e+03 -7.107420e-09
3.057000e+03 -6.869327e-09
3.058000e+03 -6.641555e-09
3.059000e+03 -6.426660e-09
3.060000e+03 -6.227699e-09
3.061000e+03 -6.048383e-09
3.062000e+03 -5.892642e-09
3.063000e+03 -5.764619e-09
3.064000e+03 -5.668319e-09
3.065000e+03 -5.606834e-09
3.066000e+03 -5.582043e-09
3.067000e+03 -5.594028e-09
3.068000e+03 -5.640616e-09
3.069000e+03 -5.717423e-09
3.070000e+03 -5.818058e-09
3.071000e+03 -5.934716e-09
