3.000000000000000e+00 2.148725314194000e-07
3.214557915712819e+00 2.149940749116903e-07
3.444460864490648e+00 2.151243111101054e-07
3.690806312437145e+00 2.152638617109479e-07
3.954770215669222e+00 2.154133928738082e-07
4.237612633868262e+00 2.154934878001721e-07
4.540683745308624e+00 2.155629672467956e-07
4.865430292076790e+00 2.156374158151700e-07
5.213402486248126e+00 2.155671472587704e-07
5.586261409988602e+00 2.153904714317564e-07
5.985786944906638e+00 2.152011598723421e-07
6.413886268506697e+00 2.149053020329325e-07
6.872602958303320e+00 2.145848623205977e-07
7.364126747055092e+00 2.143699504992659e-07
7.890803975686145e+00 2.141878215957060e-07
8.455148793793359e+00 2.141213378420184e-07
9.059855161206047e+00 2.140734377279181e-07
9.707809707888847e+00 2.139271183785532e-07
1.040210551357595e+01 2.180134285126575e-07
1.114605687291518e+01 2.234377797271989e-07
1.194321511660492e+01 2.193458535128284e-07
1.279738556404778e+01 2.139215354884988e-07
1.371264568844625e+01 2.120832942544108e-07
1.469336458105338e+01 2.115655932444702e-07
1.574422380749317e+01 2.099612560755182e-07
1.687023975571047e+01 2.091951842424083e-07
1.807678758223073e+01 2.085159902096639e-07
1.936962687103966e+01 2.078382141415967e-07
2.075492912756810e+01 2.080965690818549e-07
2.223930723902753e+01 2.082544532822302e-07
2.382984704172844e+01 2.081070494907457e-07
2.553414114607129e+01 2.082382173537822e-07
2.736032518067729e+01 2.091714181568170e-07
2.931711662867432e+01 2.097395613228447e-07
3.141385644152698e+01 2.099693854900056e-07
3.366055362905890e+01 2.111113678732792e-07
3.606793303852239e+01 2.119149101420463e-07
3.864748655079400e+01 2.133046071156397e-07
4.141152793808653e+01 2.144820018413818e-07
4.437325164504621e+01 2.153876014057928e-07
4.754679577383340e+01 2.153483242126302e-07
5.094730957385232e+01 2.168253712585153e-07
5.459102575829949e+01 2.181027100076580e-07
5.849533799274136e+01 2.198719886551124e-07
6.267888392562115e+01 2.226738842395954e-07
6.716163415705016e+01 2.258158180511298e-07
7.196498757058468e+01 2.283170556492466e-07
7.711187348306589e+01 2.323923284858738e-07
8.262686110014498e+01 2.362591511296900e-07
8.853627679999155e+01 2.405791330144081e-07
9.486832980505137e+01 2.449711794995670e-07
1.016532468417608e+02 2.508466196684596e-07
1.089234164310305e+02 2.584006617178540e-07
1.167135434982842e+02 2.667659041353712e-07
1.250608150411006e+02 2.766213360778415e-07
1.340050776452890e+02 2.877476228149908e-07
1.435890276967915e+02 3.009700157333872e-07
1.538584151974095e+02 3.163245990351205e-07
1.648622621572873e+02 3.341390458643163e-07
1.766530966066768e+02 3.566010175973187e-07
1.892872033440580e+02 3.828898170021410e-07
2.028248926175944e+02 4.121696222407520e-07
2.173307880224970e+02 4.428894535258339e-07
2.328741349886074e+02 4.817013552975205e-07
2.495291313308014e+02 5.208044495400717e-07
2.673752814401236e+02 5.630151157192233e-07
2.864977758064309e+02 6.009272066710205e-07
3.069878976842262e+02 6.328620719130386e-07
3.289434588429556e+02 6.589322435014386e-07
3.524692664818589e+02 6.765482270628540e-07
3.776776235382504e+02 6.854666587564574e-07
4.046888647774961e+02 6.879320870776880e-07
4.336319312237786e+02 6.932292284501263e-07
4.646449856737445e+02 7.028923188403380e-07
4.978760722312681e+02 7.262717161646906e-07
5.334838230116770e+02 7.621630833524117e-07
5.716382153889741e+02 8.137297662972030e-07
6.125213834008591e+02 8.718371493972972e-07
6.563284871848658e+02 9.230634765437133e-07
7.032686445959771e+02 9.632531993232387e-07
7.535659294528741e+02 9.925733877090389e-07
8.074604411780745e+02 1.039265707778502e-06
8.652094509379821e+02 1.114403336644307e-06
9.270886297540770e+02 1.217184359849495e-06
9.933933644477737e+02 1.313342897065954e-06
1.064440167700726e+03 1.403488453799755e-06
1.140568188961684e+03 1.535630970768238e-06
1.222140833412338e+03 1.763630756936227e-06
1.309547496720498e+03 2.052329575011504e-06
1.403205423861595e+03 2.323338801043457e-06
1.503561700881816e+03 2.684949010242471e-06
1.611095389110759e+03 3.102702312655286e-06
1.726319812011471e+03 3.369271255591878e-06
1.849785005584447e+03 3.718262574601664e-06
1.982080344022788e+03 3.904025161232036e-06
2.123837353152415e+03 3.792692906039436e-06
2.275732725087551e+03 4.297284660003217e-06
2.438491548492297e+03 5.128397092866795e-06
2.612890769868242e+03 6.641927099219543e-06
2.799762902390973e+03 9.441246679086188e-06
3.000000000000001e+03 1.516191063394005e-05
