3.000000000000000e+00 2.148706034813958e-07
3.214557915712819e+00 2.149918693886041e-07
3.444460864490648e+00 2.151218081492450e-07
3.690806312437145e+00 2.152610400397703e-07
3.954770215669222e+00 2.154102296983729e-07
4.237612633868262e+00 2.154898821336291e-07
4.540683745308624e+00 2.155588718264005e-07
4.865430292076790e+00 2.156327956140674e-07
5.213402486248126e+00 2.155618998313780e-07
5.586261409988602e+00 2.153845080577597e-07
5.985786944906638e+00 2.151944293477374e-07
6.413886268506697e+00 2.148976240200246e-07
6.872602958303320e+00 2.145761644387660e-07
7.364126747055092e+00 2.143600418159918e-07
7.890803975686145e+00 2.141765712809193e-07
8.455148793793359e+00 2.141084995507219e-07
9.059855161206047e+00 2.140588409771431e-07
9.707809707888847e+00 2.139104593924882e-07
1.040210551357595e+01 2.179940153238925e-07
1.114605687291518e+01 2.234151539539259e-07
1.194321511660492e+01 2.193204983420617e-07
1.279738556404778e+01 2.138932890869179e-07
1.371264568844625e+01 2.120512746859747e-07
1.469336458105338e+01 2.115290881792591e-07
1.574422380749317e+01 2.099198528237689e-07
1.687023975571047e+01 2.091480168493382e-07
1.807678758223073e+01 2.084622224945813e-07
1.936962687103966e+01 2.077768742724501e-07
2.075492912756810e+01 2.080262941087322e-07
2.223930723902753e+01 2.081739600609028e-07
2.382984704172844e+01 2.080149820758820e-07
2.553414114607129e+01 2.081327086372058e-07
2.736032518067729e+01 2.090500575114977e-07
2.931711662867432e+01 2.096001888265902e-07
3.141385644152698e+01 2.098095474508732e-07
3.366055362905890e+01 2.109272390243590e-07
3.606793303852239e+01 2.117031616466941e-07
3.864748655079400e+01 2.130603183322425e-07
4.141152793808653e+01 2.142004674743110e-07
4.437325164504621e+01 2.150635617120724e-07
4.754679577383340e+01 2.149769297541942e-07
5.094730957385232e+01 2.163967172944062e-07
5.459102575829949e+01 2.176083292856217e-07
5.849533799274136e+01 2.193005302971657e-07
6.267888392562115e+01 2.220102825250579e-07
6.716163415705016e+01 2.250441616397731e-07
7.196498757058468e+01 2.274223952495374e-07
7.711187348306589e+01 2.313480279061039e-07
8.262686110014498e+01 2.350415966390963e-07
8.853627679999155e+01 2.391573063000759e-07
9.486832980505137e+01 2.433109195100455e-07
1.016532468417608e+02 2.488969698933144e-07
1.089234164310305e+02 2.560976288282543e-07
1.167135434982842e+02 2.640394789702398e-07
1.250608150411006e+02 2.733796866285851e-07
1.340050776452890e+02 2.838814418026103e-07
1.435890276967915e+02 2.963338366603087e-07
1.538584151974095e+02 3.107390694041702e-07
1.648622621572873e+02 3.273766348266199e-07
1.766530966066768e+02 3.483304603843459e-07
1.892872033440580e+02 3.727153802155715e-07
2.028248926175944e+02 3.996238487459787e-07
2.173307880224970e+02 4.274514921528492e-07
2.328741349886074e+02 4.624791198389253e-07
2.495291313308014e+02 4.970206015716411e-07
2.673752814401236e+02 5.336031899912726e-07
2.864977758064309e+02 5.650342902164391e-07
3.069878976842262e+02 5.896668021618413e-07
3.289434588429556e+02 6.075713799621539e-07
3.524692664818589e+02 6.163706296238130e-07
3.776776235382504e+02 6.159487900041966e-07
4.046888647774961e+02 6.084609534845269e-07
4.336319312237786e+02 6.021096023444720e-07
4.646449856737445e+02 5.979034946298959e-07
4.978760722312681e+02 6.031760419252902e-07
5.334838230116770e+02 6.158228852842703e-07
5.716382153889741e+02 6.370646618468422e-07
6.125213834008591e+02 6.582710769793343e-07
6.563284871848658e+02 6.685547815064040e-07
7.032686445959771e+02 6.651303341079445e-07
7.535659294528741e+02 6.488110807341230e-07
8.074604411780745e+02 6.378892729698285e-07
8.652094509379821e+02 6.363199063432812e-07
9.270886297540770e+02 6.396690961955816e-07
9.933933644477737e+02 6.274887335582882e-07
1.064440167700726e+03 6.010875493573435e-07
1.140568188961684e+03 5.800714813502151e-07
1.222140833412338e+03 5.767539635869691e-07
1.309547496720498e+03 5.687797106929031e-07
1.403205423861595e+03 5.324462731160615e-07
1.503561700881816e+03 4.946977951168783e-07
1.611095389110759e+03 4.449884550048443e-07
1.726319812011471e+03 3.624376168703953e-07
1.849785005584447e+03 2.874900111330552e-07
1.982080344022788e+03 2.066028865463080e-07
2.123837353152415e+03 1.298736637496279e-07
2.275732725087551e+03 8.927131355400941e-08
2.438491548492297e+03 6.001923327307260e-08
2.612890769868242e+03 4.022316970458265e-08
2.799762902390973e+03 2.683481626963452e-08
3.000000000000001e+03 1.808193824409005e-08
