1 5.45351e-05 8.50005e-06 8.49973e-06
2 5.46645e-05 1.35017e-05 1.35002e-05
3 5.48113e-05 1.8042e-05 1.80384e-05
4 5.48859e-05 2.21479e-05 2.21409e-05
5 5.50327e-05 2.58498e-05 2.58372e-05
6 5.52387e-05 2.91822e-05 2.91573e-05
7 5.53771e-05 3.21379e-05 3.21293e-05
8 5.55496e-05 3.47469e-05 3.47802e-05
9 5.54538e-05 3.70753e-05 3.71359e-05
10 5.58061e-05 3.9154e-05 3.9219e-05
11 5.59395e-05 4.09884e-05 4.10495e-05
12 5.60155e-05 4.25881e-05 4.2646e-05
13 5.60338e-05 4.39704e-05 4.4026e-05
14 5.60163e-05 4.51538e-05 4.52057e-05
15 5.5893e-05 4.61542e-05 4.61998e-05
16 5.57697e-05 4.69853e-05 4.70219e-05
17 5.5364e-05 4.76592e-05 4.76845e-05
18 5.53492e-05 4.81874e-05 4.81996e-05
19 5.50203e-05 4.85809e-05 4.85782e-05
20 5.46783e-05 4.88499e-05 4.88305e-05
21 5.43762e-05 4.90042e-05 4.89665e-05
22 5.3813e-05 4.90531e-05 4.89955e-05
23 5.3274e-05 4.90056e-05 4.89264e-05
24 5.27654e-05 4.88698e-05 4.87677e-05
25 5.21632e-05 4.86539e-05 4.85274e-05
26 5.15807e-05 4.83652e-05 4.82131e-05
27 5.08315e-05 4.80109e-05 4.7832e-05
28 5.02058e-05 4.75977e-05 4.73911e-05
29 4.95137e-05 4.71322e-05 4.68971e-05
30 4.87507e-05 4.66207e-05 4.63561e-05
31 4.79673e-05 4.60691e-05 4.57743e-05
32 4.72411e-05 4.54826e-05 4.51571e-05
33 4.64485e-05 4.48666e-05 4.45098e-05
34 4.56273e-05 4.42258e-05 4.38372e-05
35 4.48614e-05 4.35647e-05 4.31439e-05
36 4.4079e-05 4.28876e-05 4.24345e-05
37 4.327e-05 4.21987e-05 4.17129e-05
38 4.24508e-05 4.15018e-05 4.09832e-05
39 4.16788e-05 4.08004e-05 4.02489e-05
40 4.0906e-05 4.00978e-05 3.95132e-05
41 4.01301e-05 3.93968e-05 3.87791e-05
42 3.93826e-05 3.87001e-05 3.80492e-05
43 3.86247e-05 3.80097e-05 3.73257e-05
44 3.78955e-05 3.73278e-05 3.66107e-05
45 3.71487e-05 3.66562e-05 3.5906e-05
46 3.6456e-05 3.59965e-05 3.52132e-05
47 3.57894e-05 3.53501e-05 3.45339e-05
48 3.50999e-05 3.47185e-05 3.38693e-05
49 3.44804e-05 3.41026e-05 3.32205e-05
50 3.38375e-05 3.35035e-05 3.25885e-05
51 3.32414e-05 3.29218e-05 3.1974e-05
52 3.26799e-05 3.23582e-05 3.13776e-05
53 3.21027e-05 3.18131e-05 3.07995e-05
54 3.15626e-05 3.12865e-05 3.02401e-05
55 3.10374e-05 3.07786e-05 2.96992e-05
56 3.05338e-05 3.02893e-05 2.91769e-05
57 3.00536e-05 2.98185e-05 2.8673e-05
58 2.96289e-05 2.93659e-05 2.81872e-05
59 2.91478e-05 2.89312e-05 2.77192e-05
60 2.87203e-05 2.85141e-05 2.72685e-05
61 2.83104e-05 2.8114e-05 2.68348e-05
62 2.79192e-05 2.77304e-05 2.64174e-05
63 2.75286e-05 2.73627e-05 2.60158e-05
64 2.71839e-05 2.70105e-05 2.56293e-05
65 2.68384e-05 2.66729e-05 2.52574e-05
66 2.65169e-05 2.63493e-05 2.48992e-05
67 2.61994e-05 2.6039e-05 2.45541e-05
68 2.5893e-05 2.57411e-05 2.42214e-05
69 2.55996e-05 2.54551e-05 2.39002e-05
70 2.53199e-05 2.51799e-05 2.35897e-05
71 2.50483e-05 2.49149e-05 2.32892e-05
72 2.47889e-05 2.46592e-05 2.29979e-05
73 2.45449e-05 2.4412e-05 2.2715e-05
74 2.42948e-05 2.41726e-05 2.24398e-05
75 2.40656e-05 2.39401e-05 2.21714e-05
76 2.38249e-05 2.37139e-05 2.19092e-05
77 2.35867e-05 2.34931e-05 2.16525e-05
78 2.33777e-05 2.3277e-05 2.14005e-05
79 2.31613e-05 2.30651e-05 2.11527e-05
80 2.29471e-05 2.28565e-05 2.09084e-05
81 2.27388e-05 2.26508e-05 2.06671e-05
82 2.253e-05 2.24472e-05 2.04282e-05
83 2.23224e-05 2.22454e-05 2.01912e-05
84 2.21176e-05 2.20447e-05 1.99556e-05
85 2.19131e-05 2.18446e-05 1.97211e-05
86 2.17081e-05 2.16449e-05 1.94872e-05
87 2.15067e-05 2.1445e-05 1.92537e-05
88 2.13082e-05 2.12447e-05 1.90201e-05
89 2.11039e-05 2.10436e-05 1.87863e-05
90 2.08949e-05 2.08415e-05 1.85521e-05
