1 8.79048e-05 2.10979e-05 2.11118e-05
2 8.98131e-05 3.30448e-05 3.30783e-05
3 9.1419e-05 4.3398e-05 4.34548e-05
4 9.29713e-05 5.22849e-05 5.23655e-05
5 9.44073e-05 5.98628e-05 5.99653e-05
6 9.57223e-05 6.62864e-05 6.6407e-05
7 9.69112e-05 7.16953e-05 7.18291e-05
8 9.78202e-05 7.62117e-05 7.63529e-05
9 9.85838e-05 7.99408e-05 8.00829e-05
10 9.90498e-05 8.29727e-05 8.31089e-05
11 9.92999e-05 8.53847e-05 8.55082e-05
12 9.93525e-05 8.72438e-05 8.73478e-05
13 9.91216e-05 8.86088e-05 8.86864e-05
14 9.86879e-05 8.95312e-05 8.9576e-05
15 9.80486e-05 9.00572e-05 9.0063e-05
16 9.72152e-05 9.02295e-05 9.01904e-05
17 9.61954e-05 9.00863e-05 8.9997e-05
18 9.49818e-05 8.96642e-05 8.95195e-05
19 9.36749e-05 8.89967e-05 8.87923e-05
20 9.22425e-05 8.81164e-05 8.78481e-05
21 9.0626e-05 8.70528e-05 8.67171e-05
22 8.8985e-05 8.58345e-05 8.54282e-05
23 8.72162e-05 8.44883e-05 8.40086e-05
24 8.54685e-05 8.30388e-05 8.24835e-05
25 8.36625e-05 8.15091e-05 8.08761e-05
26 8.17749e-05 7.99198e-05 7.92076e-05
27 7.99112e-05 7.82898e-05 7.74969e-05
28 7.81114e-05 7.66359e-05 7.57614e-05
29 7.62456e-05 7.49731e-05 7.4016e-05
30 7.44416e-05 7.33142e-05 7.22738e-05
31 7.26737e-05 7.16702e-05 7.05459e-05
32 7.09397e-05 7.00506e-05 6.8842e-05
33 6.92313e-05 6.84628e-05 6.71696e-05
34 6.75814e-05 6.6913e-05 6.55349e-05
35 6.60473e-05 6.54064e-05 6.39432e-05
36 6.45286e-05 6.39466e-05 6.23981e-05
37 6.3044e-05 6.25364e-05 6.09024e-05
38 6.16456e-05 6.11774e-05 5.94577e-05
39 6.02889e-05 5.98709e-05 5.80654e-05
40 5.89976e-05 5.86173e-05 5.67257e-05
41 5.77782e-05 5.74164e-05 5.54385e-05
42 5.6601e-05 5.62675e-05 5.42031e-05
43 5.54799e-05 5.51698e-05 5.30186e-05
44 5.44236e-05 5.41219e-05 5.18835e-05
45 5.33908e-05 5.31222e-05 5.07964e-05
46 5.24214e-05 5.21689e-05 4.97553e-05
47 5.14906e-05 5.12599e-05 4.87583e-05
48 5.06173e-05 5.03933e-05 4.78032e-05
49 4.97719e-05 4.95668e-05 4.68879e-05
50 4.89683e-05 4.8778e-05 4.601e-05
51 4.82032e-05 4.80244e-05 4.5167e-05
52 4.74865e-05 4.73038e-05 4.43566e-05
53 4.67855e-05 4.66135e-05 4.35764e-05
54 4.61111e-05 4.59511e-05 4.2824e-05
55 4.54426e-05 4.53142e-05 4.20969e-05
56 4.48365e-05 4.47002e-05 4.13928e-05
57 4.42316e-05 4.41068e-05 4.07094e-05
58 4.36632e-05 4.35316e-05 4.00443e-05
59 4.30972e-05 4.29725e-05 3.93957e-05
60 4.25677e-05 4.24271e-05 3.87613e-05
61 4.20205e-05 4.18935e-05 3.81393e-05
62 4.1488e-05 4.13697e-05 3.75277e-05
63 4.09521e-05 4.08539e-05 3.69251e-05
64 4.04322e-05 4.03445e-05 3.633e-05
65 3.99345e-05 3.98397e-05 3.57407e-05
66 3.93976e-05 3.93385e-05 3.51562e-05
67 3.89244e-05 3.88395e-05 3.45756e-05
68 3.84275e-05 3.83418e-05 3.39978e-05
69 3.79242e-05 3.78444e-05 3.34222e-05
70 3.74179e-05 3.73468e-05 3.28482e-05
71 3.69127e-05 3.68483e-05 3.22753e-05
72 3.64089e-05 3.63487e-05 3.17034e-05
73 3.59106e-05 3.58476e-05 3.11323e-05
74 3.5401e-05 3.53451e-05 3.0562e-05
75 3.48816e-05 3.48411e-05 2.99925e-05
76 3.43752e-05 3.4336e-05 2.94242e-05
77 3.38571e-05 3.38303e-05 2.88577e-05
78 3.33507e-05 3.33237e-05 2.82927e-05
79 3.28382e-05 3.28172e-05 2.77302e-05
80 3.23339e-05 3.23117e-05 2.71709e-05
81 3.18249e-05 3.1807e-05 2.66148e-05
82 3.13232e-05 3.13044e-05 2.60629e-05
83 3.0818e-05 3.08049e-05 2.55162e-05
84 3.03157e-05 3.03083e-05 2.49746e-05
85 2.98214e-05 2.98161e-05 2.44393e-05
86 2.93307e-05 2.93289e-05 2.39107e-05
87 2.8845e-05 2.88476e-05 2.33899e-05
88 2.83655e-05 2.83726e-05 2.2877e-05
89 2.78986e-05 2.79047e-05 2.23725e-05
90 2.74385e-05 2.74445e-05 2.18773e-05
