1 3.81723e-05 4.4625e-06 4.46328e-06
2 3.8305e-05 7.16573e-06 7.16778e-06
3 3.84166e-05 9.69567e-06 9.6995e-06
4 3.84469e-05 1.20543e-05 1.20602e-05
5 3.86104e-05 1.42451e-05 1.42531e-05
6 3.87617e-05 1.62742e-05 1.62843e-05
7 3.88668e-05 1.81502e-05 1.81619e-05
8 3.89931e-05 1.98804e-05 1.98939e-05
9 3.91239e-05 2.14737e-05 2.14889e-05
10 3.92333e-05 2.29388e-05 2.2955e-05
11 3.93636e-05 2.4284e-05 2.43007e-05
12 3.94254e-05 2.55172e-05 2.55339e-05
13 3.94286e-05 2.66459e-05 2.66619e-05
14 3.9629e-05 2.76766e-05 2.76913e-05
15 3.96953e-05 2.86155e-05 2.86283e-05
16 3.97082e-05 2.94683e-05 2.94786e-05
17 3.97026e-05 3.02404e-05 3.02474e-05
18 3.96303e-05 3.09368e-05 3.094e-05
19 3.97512e-05 3.15621e-05 3.15607e-05
20 3.97093e-05 3.21204e-05 3.21138e-05
21 3.96657e-05 3.26158e-05 3.26032e-05
22 3.95564e-05 3.30517e-05 3.30326e-05
23 3.93978e-05 3.34316e-05 3.34054e-05
24 3.93804e-05 3.37587e-05 3.37246e-05
25 3.92605e-05 3.40358e-05 3.39932e-05
26 3.91251e-05 3.42657e-05 3.42141e-05
27 3.89366e-05 3.44511e-05 3.43898e-05
28 3.87994e-05 3.45943e-05 3.45228e-05
29 3.86102e-05 3.46976e-05 3.46153e-05
30 3.83561e-05 3.47631e-05 3.46695e-05
31 3.81456e-05 3.47931e-05 3.46877e-05
32 3.79198e-05 3.47894e-05 3.46717e-05
33 3.76388e-05 3.4754e-05 3.46237e-05
34 3.74117e-05 3.46889e-05 3.45454e-05
35 3.71073e-05 3.45958e-05 3.44388e-05
36 3.67834e-05 3.44765e-05 3.43057e-05
37 3.5949e-05 3.43327e-05 3.41477e-05
38 3.61844e-05 3.41662e-05 3.39667e-05
39 3.58128e-05 3.39785e-05 3.37642e-05
40 3.54986e-05 3.37713e-05 3.3542e-05
41 3.51114e-05 3.35461e-05 3.33015e-05
42 3.47551e-05 3.33045e-05 3.30444e-05
43 3.44455e-05 3.30479e-05 3.2772e-05
44 3.40488e-05 3.27777e-05 3.2486e-05
45 3.36521e-05 3.24953e-05 3.21875e-05
46 3.33177e-05 3.2202e-05 3.1878e-05
47 3.29314e-05 3.18992e-05 3.15588e-05
48 3.25559e-05 3.15879e-05 3.12311e-05
49 3.2141e-05 3.12696e-05 3.08962e-05
50 3.176e-05 3.0945e-05 3.05551e-05
51 3.13899e-05 3.06156e-05 3.0209e-05
52 3.09954e-05 3.0282e-05 2.98588e-05
53 3.0612e-05 2.99456e-05 2.95056e-05
54 3.0219e-05 2.96069e-05 2.91502e-05
55 2.98448e-05 2.9267e-05 2.87936e-05
56 2.94683e-05 2.89266e-05 2.84364e-05
57 2.90903e-05 2.85864e-05 2.80796e-05
58 2.87356e-05 2.82472e-05 2.77236e-05
59 2.8353e-05 2.79095e-05 2.73692e-05
60 2.79794e-05 2.75739e-05 2.70169e-05
61 2.76337e-05 2.7241e-05 2.66672e-05
62 2.72966e-05 2.69112e-05 2.63208e-05
63 2.69371e-05 2.65849e-05 2.59778e-05
64 2.6607e-05 2.62625e-05 2.56388e-05
65 2.62398e-05 2.59443e-05 2.5304e-05
66 2.59078e-05 2.56307e-05 2.49738e-05
67 2.55871e-05 2.53219e-05 2.46484e-05
68 2.52716e-05 2.50181e-05 2.43281e-05
69 2.49803e-05 2.47195e-05 2.4013e-05
70 2.46773e-05 2.44263e-05 2.37033e-05
71 2.43592e-05 2.41385e-05 2.3399e-05
72 2.40425e-05 2.38564e-05 2.31004e-05
73 2.37741e-05 2.35799e-05 2.28075e-05
74 2.35066e-05 2.33091e-05 2.25203e-05
75 2.32443e-05 2.30442e-05 2.22389e-05
76 2.29687e-05 2.27849e-05 2.19632e-05
77 2.26845e-05 2.25315e-05 2.16933e-05
78 2.23924e-05 2.22838e-05 2.14292e-05
79 2.21897e-05 2.20419e-05 2.11709e-05
80 2.19577e-05 2.18056e-05 2.09182e-05
81 2.17234e-05 2.1575e-05 2.06711e-05
82 2.14928e-05 2.135e-05 2.04296e-05
83 2.12642e-05 2.11305e-05 2.01937e-05
84 2.10377e-05 2.09165e-05 1.99631e-05
85 2.08356e-05 2.07078e-05 1.97379e-05
86 2.06255e-05 2.05043e-05 1.9518e-05
87 2.04341e-05 2.03061e-05 1.93032e-05
88 2.02328e-05 2.01129e-05 1.90934e-05
89 2.00393e-05 1.99247e-05 1.88886e-05
90 1.98472e-05 1.97413e-05 1.86886e-05
