1 0.00027422 0.000101685 0.000101667
2 0.000289227 0.000153352 0.00015328
3 0.000301049 0.000194208 0.00019427
4 0.000309847 0.000225845 0.000226329
5 0.000316937 0.000250219 0.000250891
6 0.000321622 0.000268437 0.000269127
7 0.00032398 0.000281341 0.000282011
8 0.000324044 0.000289778 0.00029037
9 0.000322212 0.000294464 0.000294916
10 0.000318516 0.000296011 0.000296268
11 0.000313157 0.000294964 0.00029498
12 0.000306372 0.000291805 0.000291538
13 0.00029877 0.000286963 0.000286377
14 0.000290765 0.000280819 0.000279884
15 0.000281076 0.000273706 0.000272398
16 0.00027208 0.000265911 0.000264212
17 0.000262918 0.000257683 0.000255578
18 0.000253562 0.000249223 0.000246702
19 0.000244083 0.000240728 0.000237794
20 0.000235078 0.000232327 0.000228952
21 0.000226469 0.00022413 0.000220321
22 0.000218122 0.000216224 0.000211976
23 0.000210168 0.00020867 0.00020398
24 0.000202765 0.000201508 0.000196374
25 0.000195934 0.000194761 0.000189179
26 0.000189396 0.000188435 0.000182402
27 0.000183287 0.000182526 0.00017604
28 0.000177757 0.000177022 0.000170079
29 0.000172511 0.000171902 0.000164505
30 0.000167618 0.000167146 0.000159279
31 0.000163129 0.000162708 0.000154377
32 0.000158876 0.000158563 0.000149767
33 0.000155006 0.000154679 0.000145419
34 0.000151396 0.000151024 0.000141301
35 0.000147978 0.000147566 0.000137383
36 0.000144657 0.000144276 0.000133637
37 0.000141428 0.000141129 0.000130036
38 0.000138384 0.000138099 0.000126564
39 0.000135445 0.000135168 0.000123198
40 0.000132566 0.000132315 0.00011992
41 0.000129755 0.000129526 0.000116721
42 0.000127028 0.000126789 0.000113581
43 0.000124304 0.000124095 0.000110497
44 0.000121621 0.000121437 0.00010746
45 0.000118975 0.000118809 0.000104465
46 0.000116332 0.000116209 0.000101514
47 0.000113731 0.00011363 9.86019e-05
48 0.000111191 0.000111084 9.57338e-05
49 0.000108656 0.000108566 9.29045e-05
50 0.000106127 0.000106077 9.01187e-05
51 0.000103633 0.000103624 8.73773e-05
52 0.000101207 0.000101207 8.46876e-05
53 9.88182e-05 9.88319e-05 8.20537e-05
54 9.63611e-05 9.65022e-05 7.94741e-05
55 9.41961e-05 9.42201e-05 7.6953e-05
56 9.19149e-05 9.19907e-05 7.4493e-05
57 8.97495e-05 8.98217e-05 7.21014e-05
58 8.76235e-05 8.77076e-05 6.97772e-05
59 8.55696e-05 8.56552e-05 6.75235e-05
60 8.35963e-05 8.3667e-05 6.53432e-05
61 8.16467e-05 8.17445e-05 6.32345e-05
62 7.97687e-05 7.98891e-05 6.11996e-05
63 7.79936e-05 7.81023e-05 5.92393e-05
64 7.62583e-05 7.63831e-05 5.73525e-05
65 7.4611e-05 7.4733e-05 5.55397e-05
66 7.30424e-05 7.315e-05 5.37987e-05
67 7.15586e-05 7.16339e-05 5.21288e-05
68 7.01104e-05 7.01831e-05 5.0528e-05
69 6.87121e-05 6.87949e-05 4.89934e-05
70 6.74005e-05 6.7469e-05 4.75239e-05
71 6.61281e-05 6.62009e-05 4.61157e-05
72 6.49079e-05 6.4988e-05 4.47656e-05
73 6.37438e-05 6.38288e-05 4.34719e-05
74 6.26395e-05 6.27189e-05 4.22307e-05
75 6.15843e-05 6.16548e-05 4.10384e-05
76 6.05701e-05 6.06315e-05 3.98925e-05
77 5.95932e-05 5.96526e-05 3.87899e-05
78 5.86618e-05 5.87048e-05 3.77271e-05
79 5.77562e-05 5.77929e-05 3.67016e-05
80 5.68664e-05 5.69106e-05 3.57107e-05
81 5.59966e-05 5.60554e-05 3.47517e-05
82 5.51662e-05 5.52265e-05 3.3822e-05
83 5.43725e-05 5.44147e-05 3.29194e-05
84 5.35885e-05 5.36267e-05 3.20423e-05
85 5.28141e-05 5.28541e-05 3.11888e-05
86 5.20585e-05 5.2097e-05 3.03571e-05
87 5.13162e-05 5.13542e-05 2.95463e-05
88 5.05887e-05 5.06238e-05 2.87546e-05
89 4.98554e-05 4.99051e-05 2.79813e-05
90 4.91648e-05 4.91971e-05 2.72254e-05
