1 4.24352e-05 5.96872e-06 5.96847e-06
2 4.26987e-05 9.5412e-06 9.54063e-06
3 4.28718e-05 1.2843e-05 1.28411e-05
4 4.30828e-05 1.58866e-05 1.58829e-05
5 4.33091e-05 1.86856e-05 1.86791e-05
6 4.35946e-05 2.12544e-05 2.12447e-05
7 4.38894e-05 2.36124e-05 2.35934e-05
8 4.41107e-05 2.57589e-05 2.57387e-05
9 4.43993e-05 2.76943e-05 2.76936e-05
10 4.45894e-05 2.94459e-05 2.94708e-05
11 4.48571e-05 3.1043e-05 3.10821e-05
12 4.50738e-05 3.24974e-05 3.2538e-05
13 4.5275e-05 3.38112e-05 3.3848e-05
14 4.54241e-05 3.49883e-05 3.50209e-05
15 4.55643e-05 3.60359e-05 3.60653e-05
16 4.56333e-05 3.69628e-05 3.6989e-05
17 4.57538e-05 3.77777e-05 3.77997e-05
18 4.57572e-05 3.8488e-05 3.85042e-05
19 4.57174e-05 3.91e-05 3.91089e-05
20 4.56841e-05 3.96195e-05 3.96198e-05
21 4.55736e-05 4.00522e-05 4.00428e-05
22 4.54788e-05 4.04033e-05 4.03832e-05
23 4.52809e-05 4.06781e-05 4.06462e-05
24 4.51292e-05 4.08811e-05 4.08366e-05
25 4.48927e-05 4.10171e-05 4.09591e-05
26 4.46461e-05 4.10907e-05 4.10182e-05
27 4.43652e-05 4.1106e-05 4.10182e-05
28 4.40118e-05 4.1067e-05 4.09631e-05
29 4.36447e-05 4.09779e-05 4.0857e-05
30 4.33245e-05 4.08421e-05 4.07036e-05
31 4.29083e-05 4.06634e-05 4.05065e-05
32 4.25243e-05 4.0445e-05 4.02692e-05
33 4.21069e-05 4.01904e-05 3.99951e-05
34 4.16018e-05 3.99026e-05 3.96873e-05
35 4.11522e-05 3.95847e-05 3.9349e-05
36 4.07262e-05 3.92398e-05 3.89831e-05
37 4.02003e-05 3.88706e-05 3.85927e-05
38 3.96647e-05 3.84798e-05 3.81803e-05
39 3.91992e-05 3.807e-05 3.77487e-05
40 3.86492e-05 3.76435e-05 3.73001e-05
41 3.80714e-05 3.72024e-05 3.68367e-05
42 3.76082e-05 3.6749e-05 3.63608e-05
43 3.70852e-05 3.62853e-05 3.58743e-05
44 3.6518e-05 3.58133e-05 3.53796e-05
45 3.59752e-05 3.5335e-05 3.48785e-05
46 3.5455e-05 3.48521e-05 3.43728e-05
47 3.48983e-05 3.43665e-05 3.38642e-05
48 3.43577e-05 3.38797e-05 3.33545e-05
49 3.38803e-05 3.33931e-05 3.28449e-05
50 3.33065e-05 3.2908e-05 3.23368e-05
51 3.28044e-05 3.24254e-05 3.18314e-05
52 3.2334e-05 3.19464e-05 3.13295e-05
53 3.18111e-05 3.14721e-05 3.08323e-05
54 3.13344e-05 3.10031e-05 3.03406e-05
55 3.07997e-05 3.05405e-05 2.98552e-05
56 3.03333e-05 3.00849e-05 2.93769e-05
57 2.98808e-05 2.9637e-05 2.89063e-05
58 2.9402e-05 2.91975e-05 2.84443e-05
59 2.89911e-05 2.8767e-05 2.79912e-05
60 2.85362e-05 2.8346e-05 2.75477e-05
61 2.81142e-05 2.79347e-05 2.7114e-05
62 2.77239e-05 2.75337e-05 2.66905e-05
63 2.73285e-05 2.71431e-05 2.62774e-05
64 2.6912e-05 2.6763e-05 2.58749e-05
65 2.65486e-05 2.63937e-05 2.54831e-05
66 2.61909e-05 2.60351e-05 2.5102e-05
67 2.58273e-05 2.56872e-05 2.47317e-05
68 2.54849e-05 2.535e-05 2.4372e-05
69 2.51521e-05 2.50234e-05 2.40228e-05
70 2.4833e-05 2.47073e-05 2.36841e-05
71 2.45213e-05 2.44015e-05 2.33556e-05
72 2.42161e-05 2.41059e-05 2.30373e-05
73 2.39264e-05 2.38204e-05 2.27289e-05
74 2.36553e-05 2.35446e-05 2.24302e-05
75 2.33923e-05 2.32783e-05 2.21409e-05
76 2.31265e-05 2.30213e-05 2.18608e-05
77 2.28622e-05 2.27733e-05 2.15896e-05
78 2.26249e-05 2.2534e-05 2.13269e-05
79 2.24062e-05 2.23031e-05 2.10725e-05
80 2.2185e-05 2.20802e-05 2.0826e-05
81 2.19481e-05 2.1865e-05 2.05872e-05
82 2.17463e-05 2.16571e-05 2.03555e-05
83 2.15386e-05 2.14561e-05 2.01306e-05
84 2.13444e-05 2.12618e-05 1.99123e-05
85 2.11508e-05 2.10736e-05 1.97e-05
86 2.09632e-05 2.08913e-05 1.94935e-05
87 2.07847e-05 2.07143e-05 1.92923e-05
88 2.06109e-05 2.05424e-05 1.9096e-05
89 2.04472e-05 2.03752e-05 1.89043e-05
90 2.02786e-05 2.02123e-05 1.87169e-05
