0 2.875682e-09
1 2.182732e-09
2 1.629302e-09
3 1.207726e-09
4 8.986921e-10
5 6.737447e-10
6 5.101511e-10
7 3.906430e-10
8 3.017086e-10
9 2.339016e-10
10 1.809569e-10
11 1.388142e-10
12 1.049635e-10
13 7.787112e-11
14 5.648652e-11
15 3.995576e-11
16 2.754112e-11
17 1.851191e-11
18 1.214584e-11
19 7.800833e-12
20 4.326871e-09
21 3.329166e-09
22 2.510644e-09
23 1.863519e-09
24 1.378536e-09
25 1.025645e-09
26 7.688510e-10
27 5.826806e-10
28 4.464679e-10
29 3.448230e-10
30 2.670396e-10
31 2.060814e-10
32 1.574555e-10
33 1.184593e-10
34 8.737536e-11
35 6.295472e-11
36 4.422309e-11
37 3.028224e-11
38 2.021462e-11
39 1.318213e-11
40 5.040753e-09
41 3.897033e-09
42 2.952531e-09
43 2.196643e-09
44 1.622856e-09
45 1.204214e-09
46 8.999175e-10
47 6.793196e-10
48 5.187801e-10
49 3.997912e-10
50 3.094348e-10
51 2.390868e-10
52 1.832060e-10
53 1.384324e-10
54 1.026667e-10
55 7.442924e-11
56 5.263615e-11
57 3.628633e-11
58 2.437842e-11
59 1.599031e-11
60 7.778484e-09
61 6.106093e-09
62 4.706196e-09
63 3.546791e-09
64 2.623758e-09
65 1.932958e-09
66 1.432316e-09
67 1.067898e-09
68 8.050604e-10
69 6.141064e-10
70 4.726146e-10
71 3.651494e-10
72 2.814584e-10
73 2.150646e-10
74 1.620145e-10
75 1.197149e-10
76 8.647818e-11
77 6.095170e-11
78 4.185509e-11
79 2.801989e-11
80 1.002116e-08
81 7.929582e-09
82 6.168266e-09
83 4.696676e-09
84 3.496272e-09
85 2.571278e-09
86 1.896580e-09
87 1.406673e-09
88 1.051903e-09
89 7.965732e-10
90 6.095413e-10
91 4.696144e-10
92 3.622052e-10
93 2.778791e-10
94 2.107893e-10
95 1.572181e-10
96 1.148541e-10
97 8.195635e-11
98 5.700882e-11
99 3.865176e-11
100 1.417945e-08
101 1.136111e-08
102 8.946732e-09
103 6.918796e-09
104 5.231009e-09
105 3.868170e-09
106 2.836435e-09
107 2.090570e-09
108 1.547520e-09
109 1.157064e-09
110 8.756178e-10
111 6.691992e-10
112 5.144049e-10
113 3.953441e-10
114 3.019235e-10
115 2.277283e-10
116 1.688409e-10
117 1.225999e-10
118 8.693046e-11
119 6.011831e-11
120 1.238290e-07
121 1.031405e-07
122 8.377630e-08
123 6.262181e-08
124 4.603902e-08
125 3.331070e-08
126 2.415219e-08
127 1.741210e-08
128 1.274697e-08
129 9.501976e-09
130 0.000000e+00
131 0.000000e+00
132 0.000000e+00
133 0.000000e+00
134 0.000000e+00
135 0.000000e+00
136 0.000000e+00
137 0.000000e+00
138 0.000000e+00
139 0.000000e+00
140 4.070595e-07
141 3.363101e-07
142 2.756502e-07
143 2.139094e-07
144 1.582877e-07
145 1.137869e-07
146 8.328550e-08
147 5.957402e-08
148 4.342323e-08
149 3.199861e-08
150 0.000000e+00
151 0.000000e+00
152 0.000000e+00
153 0.000000e+00
154 0.000000e+00
155 0.000000e+00
156 0.000000e+00
157 0.000000e+00
158 0.000000e+00
159 0.000000e+00
160 6.076054e-07
161 5.007446e-07
162 4.110202e-07
163 3.227762e-07
164 2.401929e-07
165 1.719920e-07
166 1.263501e-07
167 9.016773e-08
168 6.565463e-08
169 4.817810e-08
170 0.000000e+00
171 0.000000e+00
172 0.000000e+00
173 0.000000e+00
174 0.000000e+00
175 0.000000e+00
176 0.000000e+00
177 0.000000e+00
178 0.000000e+00
179 0.000000e+00
180 2.406961e-09
181 2.039726e-09
182 1.677286e-09
183 1.416047e-09
184 1.212609e-09
185 9.051415e-10
186 6.212564e-10
187 4.754069e-10
188 3.227997e-10
189 2.289889e-10
190 1.634354e-10
191 0.000000e+00
192 0.000000e+00
193 0.000000e+00
194 0.000000e+00
195 0.000000e+00
196 0.000000e+00
197 0.000000e+00
198 0.000000e+00
199 0.000000e+00
200 8.643154e-08
201 7.286091e-08
202 5.929132e-08
203 4.891008e-08
204 4.125016e-08
205 3.179826e-08
206 2.198506e-08
207 1.664423e-08
208 1.156919e-08
209 8.304841e-09
210 5.939587e-09
211 0.000000e+00
212 0.000000e+00
213 0.000000e+00
214 0.000000e+00
215 0.000000e+00
216 0.000000e+00
217 0.000000e+00
218 0.000000e+00
219 0.000000e+00
220 3.059251e-07
221 2.595219e-07
222 2.115134e-07
223 1.736316e-07
224 1.461860e-07
225 1.148267e-07
226 7.978311e-08
227 5.968401e-08
228 4.203286e-08
229 3.005025e-08
230 2.140735e-08
231 0.000000e+00
232 0.000000e+00
233 0.000000e+00
234 0.000000e+00
235 0.000000e+00
236 0.000000e+00
237 0.000000e+00
238 0.000000e+00
239 0.000000e+00
240 -5.057344e-10
241 -3.903295e-10
242 -2.953300e-10
243 -2.194889e-10
244 -1.620388e-10
245 -1.201138e-10
246 -8.977256e-11
247 -6.784985e-11
248 -5.183758e-11
249 -3.998718e-11
250 -3.096675e-11
251 -2.393535e-11
252 -1.834399e-11
253 0.000000e+00
254 0.000000e+00
255 0.000000e+00
256 0.000000e+00
257 0.000000e+00
258 0.000000e+00
259 0.000000e+00
260 2.709231e-09
261 2.572514e-09
262 2.230824e-09
263 1.845192e-09
264 1.554280e-09
265 1.355388e-09
266 1.064530e-09
267 7.111795e-10
268 5.498670e-10
269 3.639303e-10
270 2.593947e-10
271 1.797318e-10
272 1.261868e-10
273 0.000000e+00
274 0.000000e+00
275 0.000000e+00
276 0.000000e+00
277 0.000000e+00
278 0.000000e+00
279 0.000000e+00
280 6.977466e-08
281 6.376681e-08
282 5.435799e-08
283 4.429651e-08
284 3.630465e-08
285 3.071480e-08
286 2.438158e-08
287 1.669619e-08
288 1.260250e-08
289 8.709359e-09
290 6.240282e-09
291 4.384117e-09
292 3.128267e-09
293 0.000000e+00
294 0.000000e+00
295 0.000000e+00
296 0.000000e+00
297 0.000000e+00
298 0.000000e+00
299 0.000000e+00
300 1.179098e-08
301 9.364235e-09
302 7.311189e-09
303 5.589950e-09
304 4.173754e-09
305 3.070783e-09
306 2.261700e-09
307 1.674526e-09
308 1.248657e-09
309 9.429149e-10
310 7.196439e-10
311 5.536647e-10
312 4.269527e-10
313 0.000000e+00
314 0.000000e+00
315 0.000000e+00
316 0.000000e+00
317 0.000000e+00
318 0.000000e+00
319 0.000000e+00
320 2.251153e-08
321 1.895612e-08
322 1.553611e-08
323 1.236081e-08
324 9.595421e-09
325 7.372071e-09
326 5.681242e-09
327 4.242174e-09
328 3.032602e-09
329 2.284229e-09
330 1.651583e-09
331 1.230533e-09
332 9.177070e-10
333 0.000000e+00
334 0.000000e+00
335 0.000000e+00
336 0.000000e+00
337 0.000000e+00
338 0.000000e+00
339 0.000000e+00
340 6.008299e-09
341 4.662157e-09
342 3.543712e-09
343 2.640882e-09
344 1.950054e-09
345 1.444518e-09
346 1.077357e-09
347 8.111653e-10
348 6.180518e-10
349 4.755834e-10
350 3.679372e-10
351 2.844971e-10
352 2.184500e-10
353 1.655443e-10
354 0.000000e+00
355 0.000000e+00
356 0.000000e+00
357 0.000000e+00
358 0.000000e+00
359 0.000000e+00
360 1.284201e-08
361 1.022070e-08
362 7.997956e-09
363 6.130700e-09
364 4.586506e-09
365 3.374052e-09
366 2.481569e-09
367 1.834771e-09
368 1.365373e-09
369 1.028943e-09
370 7.841347e-10
371 6.027132e-10
372 4.647646e-10
373 3.572823e-10
374 0.000000e+00
375 0.000000e+00
376 0.000000e+00
377 0.000000e+00
378 0.000000e+00
379 0.000000e+00
380 1.984720e-08
381 1.608597e-08
382 1.278673e-08
383 9.990927e-09
384 7.646344e-09
385 5.708279e-09
386 4.185501e-09
387 3.069794e-09
388 2.260702e-09
389 1.674682e-09
390 1.255905e-09
391 9.521214e-10
392 7.281301e-10
393 5.588164e-10
394 0.000000e+00
395 0.000000e+00
396 0.000000e+00
397 0.000000e+00
398 0.000000e+00
399 0.000000e+00
400 5.298687e-05
401 4.354811e-05
402 3.586186e-05
403 2.850644e-05
404 2.128032e-05
405 1.517363e-05
406 1.120228e-05
407 7.956184e-06
408 5.794556e-06
409 4.236297e-06
410 0.000000e+00
411 0.000000e+00
412 0.000000e+00
413 0.000000e+00
414 0.000000e+00
415 0.000000e+00
416 0.000000e+00
417 0.000000e+00
418 0.000000e+00
419 0.000000e+00
420 5.126233e-05
421 4.362407e-05
422 3.556284e-05
423 2.911024e-05
424 2.450704e-05
425 1.944494e-05
426 1.351918e-05
427 1.007430e-05
428 7.134726e-06
429 5.091260e-06
430 3.615119e-06
431 0.000000e+00
432 0.000000e+00
433 0.000000e+00
434 0.000000e+00
435 0.000000e+00
436 0.000000e+00
437 0.000000e+00
438 0.000000e+00
439 0.000000e+00
440 3.004313e-05
441 2.755917e-05
442 2.359280e-05
443 1.924791e-05
444 1.569186e-05
445 1.321924e-05
446 1.066619e-05
447 7.366191e-06
448 5.465163e-06
449 3.854230e-06
450 2.746400e-06
451 1.920122e-06
452 1.368959e-06
453 0.000000e+00
454 0.000000e+00
455 0.000000e+00
456 0.000000e+00
457 0.000000e+00
458 0.000000e+00
459 0.000000e+00
460 2.354052e-05
461 2.285954e-05
462 2.078089e-05
463 1.763513e-05
464 1.433040e-05
465 1.172008e-05
466 9.906522e-06
467 7.850452e-06
468 5.325466e-06
469 4.033763e-06
470 2.751836e-06
471 1.973069e-06
472 1.367598e-06
473 0.000000e+00
474 0.000000e+00
475 0.000000e+00
476 0.000000e+00
477 0.000000e+00
478 0.000000e+00
479 0.000000e+00
480 1.089371e-05
481 1.103328e-05
482 1.057194e-05
483 9.461520e-06
484 7.925984e-06
485 6.420104e-06
486 5.290777e-06
487 4.471908e-06
488 3.408644e-06
489 2.305999e-06
490 1.765749e-06
491 1.176417e-06
492 8.308782e-07
493 5.746615e-07
494 0.000000e+00
495 0.000000e+00
496 0.000000e+00
497 0.000000e+00
498 0.000000e+00
499 0.000000e+00
500 1.108073e-06
501 9.111072e-07
502 7.487983e-07
503 5.947244e-07
504 4.450962e-07
505 3.175238e-07
506 2.340667e-07
507 1.666771e-07
508 1.212521e-07
509 8.862301e-08
510 0.000000e+00
511 0.000000e+00
512 0.000000e+00
513 0.000000e+00
514 0.000000e+00
515 0.000000e+00
516 0.000000e+00
517 0.000000e+00
518 0.000000e+00
519 0.000000e+00
520 1.071384e-06
521 9.129838e-07
522 7.451740e-07
523 6.099618e-07
524 5.127909e-07
525 4.077381e-07
526 2.846965e-07
527 2.109607e-07
528 1.501222e-07
529 1.068441e-07
530 7.594276e-08
531 0.000000e+00
532 0.000000e+00
533 0.000000e+00
534 0.000000e+00
535 0.000000e+00
536 0.000000e+00
537 0.000000e+00
538 0.000000e+00
539 0.000000e+00
540 8.238169e-07
541 7.567692e-07
542 6.492134e-07
543 5.301717e-07
544 4.323076e-07
545 3.638497e-07
546 2.937828e-07
547 2.040360e-07
548 1.505992e-07
549 1.067927e-07
550 7.567010e-08
551 5.298322e-08
552 3.777271e-08
553 0.000000e+00
554 0.000000e+00
555 0.000000e+00
556 0.000000e+00
557 0.000000e+00
558 0.000000e+00
559 0.000000e+00
560 7.609898e-07
561 7.343432e-07
562 6.657119e-07
563 5.641901e-07
564 4.583269e-07
565 3.739052e-07
566 3.144147e-07
567 2.487428e-07
568 1.699555e-07
569 1.277979e-07
570 8.813656e-08
571 6.292321e-08
572 4.368903e-08
573 0.000000e+00
574 0.000000e+00
575 0.000000e+00
576 0.000000e+00
577 0.000000e+00
578 0.000000e+00
579 0.000000e+00
580 5.806649e-07
581 5.805676e-07
582 5.516020e-07
583 4.912272e-07
584 4.109110e-07
585 3.324825e-07
586 2.727178e-07
587 2.286229e-07
588 1.746796e-07
589 1.190363e-07
590 9.013731e-08
591 6.080941e-08
592 4.303133e-08
593 2.979450e-08
594 0.000000e+00
595 0.000000e+00
596 0.000000e+00
597 0.000000e+00
598 0.000000e+00
599 0.000000e+00
600 6.793932e-09
601 5.292914e-09
602 4.037956e-09
603 3.014439e-09
604 2.224308e-09
605 1.643778e-09
606 1.222348e-09
607 9.170835e-10
608 6.965539e-10
609 5.350138e-10
610 4.136022e-10
611 3.201531e-10
612 2.464340e-10
613 1.874648e-10
614 1.402124e-10
615 1.026293e-10
616 7.331433e-11
617 5.105059e-11
618 3.462418e-11
619 2.290694e-11
620 1.586225e-08
621 1.269463e-08
622 9.994550e-09
623 7.714870e-09
624 5.801795e-09
625 4.268815e-09
626 3.129497e-09
627 2.305812e-09
628 1.706773e-09
629 1.278952e-09
630 9.702269e-10
631 7.437778e-10
632 5.734248e-10
633 4.418171e-10
634 3.380035e-10
635 2.551317e-10
636 1.890923e-10
637 1.371032e-10
638 9.696748e-11
639 6.683233e-11
640 2.694970e-08
641 2.206564e-08
642 1.768477e-08
643 1.394145e-08
644 1.078459e-08
645 8.120688e-09
646 5.956317e-09
647 4.346890e-09
648 3.186884e-09
649 2.341056e-09
650 1.740522e-09
651 1.309649e-09
652 9.967107e-10
653 7.638589e-10
654 5.860450e-10
655 4.471925e-10
656 3.373705e-10
657 2.503854e-10
658 1.820157e-10
659 1.292697e-10
660 2.076564e-07
661 2.046421e-07
662 1.961987e-07
663 1.823594e-07
664 1.638888e-07
665 1.422371e-07
666 1.192232e-07
667 9.699484e-08
668 7.718246e-08
669 6.035440e-08
670 4.618749e-08
671 3.414991e-08
672 2.428363e-08
673 1.714300e-08
674 1.202766e-08
675 8.293598e-09
676 5.731040e-09
677 3.962538e-09
678 2.747945e-09
679 1.914688e-09
