0 2.461708e-09
1 1.849747e-09
2 1.371490e-09
3 1.017914e-09
4 7.608888e-10
5 5.729606e-10
6 4.369150e-10
7 3.367525e-10
8 2.613619e-10
9 2.031021e-10
10 1.570079e-10
11 1.199879e-10
12 9.012397e-11
13 6.624931e-11
14 4.752463e-11
15 3.319963e-11
16 2.258687e-11
17 1.498917e-11
18 9.719017e-12
19 6.178307e-12
20 3.623977e-09
21 2.756430e-09
22 2.051019e-09
23 1.509338e-09
24 1.118405e-09
25 8.367585e-10
26 6.312334e-10
27 4.830931e-10
28 3.734500e-10
29 2.904142e-10
30 2.256519e-10
31 1.740346e-10
32 1.323556e-10
33 9.874443e-11
34 7.198084e-11
35 5.110694e-11
36 3.530749e-11
37 2.374684e-11
38 1.556634e-11
39 9.976770e-12
40 3.993822e-09
41 3.041952e-09
42 2.262008e-09
43 1.656661e-09
44 1.221233e-09
45 9.129885e-10
46 6.878489e-10
47 5.259166e-10
48 4.070256e-10
49 3.170899e-10
50 2.470558e-10
51 1.911272e-10
52 1.458120e-10
53 1.090993e-10
54 7.972603e-11
55 5.670169e-11
56 3.919777e-11
57 2.634830e-11
58 1.723813e-11
59 1.101562e-11
60 4.233954e-09
61 3.227428e-09
62 2.399082e-09
63 1.752412e-09
64 1.288065e-09
65 9.623562e-10
66 7.245667e-10
67 5.536974e-10
68 4.287859e-10
69 3.344157e-10
70 2.609307e-10
71 2.022220e-10
72 1.545493e-10
73 1.158255e-10
74 8.475732e-11
75 6.033273e-11
76 4.172326e-11
77 2.803811e-11
78 1.832528e-11
79 1.168994e-11
80 4.459291e-09
81 3.401359e-09
82 2.527658e-09
83 1.842257e-09
84 1.350896e-09
85 1.008762e-09
86 7.590824e-10
87 5.798013e-10
88 4.492243e-10
89 3.506462e-10
90 2.739555e-10
91 2.126248e-10
92 1.627453e-10
93 1.221368e-10
94 8.947645e-11
95 6.374463e-11
96 4.409608e-11
97 2.962440e-11
98 1.934618e-11
99 1.232468e-11
100 7.522869e-09
101 5.895410e-09
102 4.533858e-09
103 3.403822e-09
104 2.508775e-09
105 1.849117e-09
106 1.372139e-09
107 1.023776e-09
108 7.738471e-10
109 5.916264e-10
110 4.562669e-10
111 3.530232e-10
112 2.722450e-10
113 2.079442e-10
114 1.564375e-10
115 1.153335e-10
116 8.305955e-11
117 5.832499e-11
118 3.988522e-11
119 2.658349e-11
120 9.552217e-09
121 7.534587e-09
122 5.844864e-09
123 4.430083e-09
124 3.276884e-09
125 2.402990e-09
126 1.776598e-09
127 1.318689e-09
128 9.891589e-10
129 7.518301e-10
130 5.773871e-10
131 4.461508e-10
132 3.447093e-10
133 2.645323e-10
134 2.004411e-10
135 1.491299e-10
136 1.085234e-10
137 7.706253e-11
138 5.329027e-11
139 3.589728e-11
140 1.078535e-08
141 8.525499e-09
142 6.634698e-09
143 5.046237e-09
144 3.735076e-09
145 2.730381e-09
146 2.014203e-09
147 1.492934e-09
148 1.116033e-09
149 8.468308e-10
150 6.495921e-10
151 5.019794e-10
152 3.883286e-10
153 2.987174e-10
154 2.270580e-10
155 1.695653e-10
156 1.238945e-10
157 8.833174e-11
158 6.130699e-11
159 4.142695e-11
160 1.193920e-08
161 9.452523e-09
162 7.373613e-09
163 5.622465e-09
164 4.163728e-09
165 3.036576e-09
166 2.236595e-09
167 1.655888e-09
168 1.234792e-09
169 9.356855e-10
170 7.170805e-10
171 5.541730e-10
172 4.291320e-10
173 3.306860e-10
174 2.519573e-10
175 1.886828e-10
176 1.382756e-10
177 9.886866e-11
178 6.880334e-11
179 4.659947e-11
180 1.399700e-08
181 1.119901e-08
182 8.811070e-09
183 6.808404e-09
184 5.139816e-09
185 3.792517e-09
186 2.779026e-09
187 2.050458e-09
188 1.517590e-09
189 1.136293e-09
190 8.607852e-10
191 6.586079e-10
192 5.068037e-10
193 3.897328e-10
194 2.977032e-10
195 2.244810e-10
196 1.663153e-10
197 1.206320e-10
198 8.540631e-11
199 5.895366e-11
200 1.714379e-08
201 1.381212e-08
202 1.093075e-08
203 8.508033e-09
204 6.480045e-09
205 4.808562e-09
206 3.514110e-09
207 2.582631e-09
208 1.904951e-09
209 1.415584e-09
210 1.066094e-09
211 8.116377e-10
212 6.227874e-10
213 4.789323e-10
214 3.667884e-10
215 2.779855e-10
216 2.074143e-10
217 1.517359e-10
218 1.084616e-10
219 7.562788e-11
220 2.001068e-08
221 1.618472e-08
222 1.285093e-08
223 1.004496e-08
224 7.690199e-09
225 5.723679e-09
226 4.173694e-09
227 3.058686e-09
228 2.252192e-09
229 1.665879e-09
230 1.250427e-09
231 9.492165e-10
232 7.273978e-10
233 5.595402e-10
234 4.293479e-10
235 3.264960e-10
236 2.446857e-10
237 1.799340e-10
238 1.293278e-10
239 9.068680e-11
240 2.309941e-08
241 1.892567e-08
242 1.516409e-08
243 1.193764e-08
244 9.230414e-09
245 6.973718e-09
246 5.140155e-09
247 3.752180e-09
248 2.754144e-09
249 2.026293e-09
250 1.505904e-09
251 1.131910e-09
252 8.598550e-10
253 6.573724e-10
254 5.029882e-10
255 3.828033e-10
256 2.881386e-10
257 2.134837e-10
258 1.550441e-10
259 1.101046e-10
260 2.903323e-08
261 2.406426e-08
262 1.944857e-08
263 1.541877e-08
264 1.202311e-08
265 9.179542e-09
266 6.817123e-09
267 4.967566e-09
268 3.629211e-09
269 2.660190e-09
270 1.959380e-09
271 1.461592e-09
272 1.102474e-09
273 8.389313e-10
274 6.408922e-10
275 4.885713e-10
276 3.694512e-10
277 2.756837e-10
278 2.020551e-10
279 1.450155e-10
280 4.096870e-08
281 3.491296e-08
282 2.887569e-08
283 2.328967e-08
284 1.842890e-08
285 1.432867e-08
286 1.089192e-08
287 8.064906e-09
288 5.868698e-09
289 4.271686e-09
290 3.114749e-09
291 2.282522e-09
292 1.690961e-09
293 1.265762e-09
294 9.553340e-10
295 7.238095e-10
296 5.474584e-10
297 4.111066e-10
298 3.049203e-10
299 2.225051e-10
300 5.237940e-08
301 4.436487e-08
302 3.530385e-08
303 2.429127e-08
304 1.768415e-08
305 1.295321e-08
306 9.195176e-09
307 6.754740e-09
308 4.997909e-09
309 3.821013e-09
310 0.000000e+00
311 0.000000e+00
312 0.000000e+00
313 0.000000e+00
314 0.000000e+00
315 0.000000e+00
316 0.000000e+00
317 0.000000e+00
318 0.000000e+00
319 0.000000e+00
320 3.931910e-07
321 3.250290e-07
322 2.663973e-07
323 2.061594e-07
324 1.522201e-07
325 1.095700e-07
326 8.012012e-08
327 5.733811e-08
328 4.180074e-08
329 3.083820e-08
330 0.000000e+00
331 0.000000e+00
332 0.000000e+00
333 0.000000e+00
334 0.000000e+00
335 0.000000e+00
336 0.000000e+00
337 0.000000e+00
338 0.000000e+00
339 0.000000e+00
340 6.075048e-07
341 5.006629e-07
342 4.109536e-07
343 3.227202e-07
344 2.401481e-07
345 1.719608e-07
346 1.263268e-07
347 9.015107e-08
348 6.564257e-08
349 4.816956e-08
350 0.000000e+00
351 0.000000e+00
352 0.000000e+00
353 0.000000e+00
354 0.000000e+00
355 0.000000e+00
356 0.000000e+00
357 0.000000e+00
358 0.000000e+00
359 0.000000e+00
360 7.411581e-07
361 6.102286e-07
362 5.011361e-07
363 3.953249e-07
364 2.948516e-07
365 2.108115e-07
366 1.550783e-07
367 1.105755e-07
368 8.048392e-08
369 5.896494e-08
370 0.000000e+00
371 0.000000e+00
372 0.000000e+00
373 0.000000e+00
374 0.000000e+00
375 0.000000e+00
376 0.000000e+00
377 0.000000e+00
378 0.000000e+00
379 0.000000e+00
380 8.661723e-07
381 7.127128e-07
382 5.854854e-07
383 4.632353e-07
384 3.460171e-07
385 2.471483e-07
386 1.819681e-07
387 1.296788e-07
388 9.436519e-08
389 6.906221e-08
390 0.000000e+00
391 0.000000e+00
392 0.000000e+00
393 0.000000e+00
394 0.000000e+00
395 0.000000e+00
396 0.000000e+00
397 0.000000e+00
398 0.000000e+00
399 0.000000e+00
400 -9.913444e-09
401 -8.281540e-09
402 -6.707743e-09
403 -5.527578e-09
404 -4.645129e-09
405 -3.528305e-09
406 -2.439187e-09
407 -1.862006e-09
408 -1.287725e-09
409 -9.292054e-10
410 -6.690726e-10
411 0.000000e+00
412 0.000000e+00
413 0.000000e+00
414 0.000000e+00
415 0.000000e+00
416 0.000000e+00
417 0.000000e+00
418 0.000000e+00
419 0.000000e+00
420 3.341502e-08
421 2.769842e-08
422 2.244828e-08
423 1.875868e-08
424 1.588781e-08
425 1.162438e-08
426 7.938812e-09
427 6.206793e-09
428 4.165150e-09
429 3.020401e-09
430 2.185934e-09
431 0.000000e+00
432 0.000000e+00
433 0.000000e+00
434 0.000000e+00
435 0.000000e+00
436 0.000000e+00
437 0.000000e+00
438 0.000000e+00
439 0.000000e+00
440 2.971990e-07
441 2.519649e-07
442 2.053095e-07
443 1.686102e-07
444 1.419849e-07
445 1.113592e-07
446 7.730856e-08
447 5.791667e-08
448 4.072646e-08
449 2.913863e-08
450 2.076231e-08
451 0.000000e+00
452 0.000000e+00
453 0.000000e+00
454 0.000000e+00
455 0.000000e+00
456 0.000000e+00
457 0.000000e+00
458 0.000000e+00
459 0.000000e+00
460 5.080234e-07
461 4.320633e-07
462 3.524087e-07
463 2.888428e-07
464 2.430026e-07
465 1.921417e-07
466 1.338532e-07
467 9.961668e-08
468 7.055103e-08
469 5.031780e-08
470 3.580124e-08
471 0.000000e+00
472 0.000000e+00
473 0.000000e+00
474 0.000000e+00
475 0.000000e+00
476 0.000000e+00
477 0.000000e+00
478 0.000000e+00
479 0.000000e+00
480 6.998386e-07
481 5.958670e-07
482 4.861813e-07
483 3.982061e-07
484 3.348971e-07
485 2.655720e-07
486 1.852283e-07
487 1.375349e-07
488 9.765114e-08
489 6.956832e-08
490 4.947201e-08
491 0.000000e+00
492 0.000000e+00
493 0.000000e+00
494 0.000000e+00
495 0.000000e+00
496 0.000000e+00
497 0.000000e+00
498 0.000000e+00
499 0.000000e+00
500 -4.483144e-10
501 -3.477970e-10
502 -2.626097e-10
503 -1.951231e-10
504 -1.463335e-10
505 -1.116891e-10
506 -8.438432e-11
507 -6.324461e-11
508 -4.896405e-11
509 -3.729808e-11
510 -2.875692e-11
511 -2.200842e-11
512 -1.666949e-11
513 0.000000e+00
514 0.000000e+00
515 0.000000e+00
516 0.000000e+00
517 0.000000e+00
518 0.000000e+00
519 0.000000e+00
520 -9.618352e-09
521 -8.629199e-09
522 -7.271659e-09
523 -5.881352e-09
524 -4.783266e-09
525 -4.007112e-09
526 -3.151415e-09
527 -2.161333e-09
528 -1.640696e-09
529 -1.133756e-09
530 -8.197879e-10
531 -5.812697e-10
532 -4.179622e-10
533 0.000000e+00
534 0.000000e+00
535 0.000000e+00
536 0.000000e+00
537 0.000000e+00
538 0.000000e+00
539 0.000000e+00
540 3.873311e-08
541 3.520972e-08
542 2.982080e-08
543 2.424986e-08
544 1.997668e-08
545 1.698505e-08
546 1.324942e-08
547 8.950165e-09
548 6.908271e-09
549 4.652644e-09
550 3.369551e-09
551 2.376652e-09
552 1.697725e-09
553 0.000000e+00
554 0.000000e+00
555 0.000000e+00
556 0.000000e+00
557 0.000000e+00
558 0.000000e+00
559 0.000000e+00
560 2.379517e-07
561 2.181015e-07
562 1.866115e-07
563 1.522385e-07
564 1.243584e-07
565 1.048615e-07
566 8.411613e-08
567 5.808471e-08
568 4.325673e-08
569 3.036470e-08
570 2.161921e-08
571 1.515697e-08
572 1.081017e-08
573 0.000000e+00
574 0.000000e+00
575 0.000000e+00
576 0.000000e+00
577 0.000000e+00
578 0.000000e+00
579 0.000000e+00
580 4.386661e-07
581 4.027460e-07
582 3.452258e-07
583 2.818331e-07
584 2.299492e-07
585 1.936595e-07
586 1.560173e-07
587 1.081428e-07
588 8.006440e-08
589 5.657753e-08
590 4.015491e-08
591 2.812749e-08
592 2.005574e-08
593 0.000000e+00
594 0.000000e+00
595 0.000000e+00
596 0.000000e+00
597 0.000000e+00
598 0.000000e+00
599 0.000000e+00
600 1.091528e-08
601 8.604173e-09
602 6.676957e-09
603 5.065803e-09
604 3.742975e-09
605 2.731267e-09
606 2.009291e-09
607 1.489167e-09
608 1.117101e-09
609 8.476434e-10
610 6.525113e-10
611 5.050959e-10
612 3.913082e-10
613 0.000000e+00
614 0.000000e+00
615 0.000000e+00
616 0.000000e+00
617 0.000000e+00
618 0.000000e+00
619 0.000000e+00
620 9.601082e-09
621 6.489171e-09
622 4.289530e-09
623 2.882624e-09
624 1.900144e-09
625 1.048500e-09
626 3.337885e-10
627 1.023297e-10
628 2.269394e-10
629 1.376067e-10
630 2.011536e-10
631 1.937347e-10
632 1.929089e-10
633 0.000000e+00
634 0.000000e+00
635 0.000000e+00
636 0.000000e+00
637 0.000000e+00
638 0.000000e+00
639 0.000000e+00
640 9.128308e-08
641 8.491753e-08
642 7.485779e-08
643 6.231933e-08
644 5.011947e-08
645 4.053450e-08
646 3.354571e-08
647 2.587315e-08
648 1.773446e-08
649 1.348594e-08
650 9.258836e-09
651 6.676741e-09
652 4.729733e-09
653 0.000000e+00
654 0.000000e+00
655 0.000000e+00
656 0.000000e+00
657 0.000000e+00
658 0.000000e+00
659 0.000000e+00
660 3.191803e-07
661 3.059604e-07
662 2.759356e-07
663 2.331052e-07
664 1.890178e-07
665 1.539867e-07
666 1.291472e-07
667 1.016768e-07
668 6.948515e-08
669 5.238029e-08
670 3.607225e-08
671 2.580277e-08
672 1.798130e-08
673 0.000000e+00
674 0.000000e+00
675 0.000000e+00
676 0.000000e+00
677 0.000000e+00
678 0.000000e+00
679 0.000000e+00
680 4.572655e-09
681 3.488206e-09
682 2.593396e-09
683 1.893146e-09
684 1.390424e-09
685 1.038709e-09
686 7.818968e-10
687 5.973843e-10
688 4.626918e-10
689 3.609606e-10
690 2.817942e-10
691 2.185094e-10
692 1.670991e-10
693 1.252974e-10
694 0.000000e+00
695 0.000000e+00
696 0.000000e+00
697 0.000000e+00
698 0.000000e+00
699 0.000000e+00
700 1.188181e-08
701 9.402719e-09
702 7.325907e-09
703 5.579023e-09
704 4.130699e-09
705 3.016965e-09
706 2.224266e-09
707 1.648047e-09
708 1.230675e-09
709 9.334579e-10
710 7.157675e-10
711 5.530943e-10
712 4.280737e-10
713 3.295144e-10
714 0.000000e+00
715 0.000000e+00
716 0.000000e+00
717 0.000000e+00
718 0.000000e+00
719 0.000000e+00
720 1.910897e-08
721 1.538818e-08
722 1.216676e-08
723 9.470448e-09
724 7.218885e-09
725 5.355345e-09
726 3.898836e-09
727 2.852700e-09
728 2.103810e-09
729 1.563004e-09
730 1.175612e-09
731 8.962126e-10
732 6.888766e-10
733 5.307305e-10
734 0.000000e+00
735 0.000000e+00
736 0.000000e+00
737 0.000000e+00
738 0.000000e+00
739 0.000000e+00
740 2.528863e-08
741 2.053107e-08
742 1.624220e-08
743 1.262717e-08
744 9.689422e-09
745 7.293822e-09
746 5.325640e-09
747 3.784582e-09
748 2.709308e-09
749 2.035239e-09
750 1.492692e-09
751 1.145182e-09
752 8.720816e-10
753 6.771079e-10
754 0.000000e+00
755 0.000000e+00
756 0.000000e+00
757 0.000000e+00
758 0.000000e+00
759 0.000000e+00
760 1.628995e-07
761 1.588470e-07
762 1.479253e-07
763 1.298476e-07
764 1.076542e-07
765 8.664495e-08
766 7.065736e-08
767 5.862079e-08
768 4.423793e-08
769 3.035183e-08
770 2.295970e-08
771 1.558162e-08
772 1.104890e-08
773 7.731301e-09
774 0.000000e+00
775 0.000000e+00
776 0.000000e+00
777 0.000000e+00
778 0.000000e+00
779 0.000000e+00
780 5.298687e-05
781 4.354811e-05
782 3.586186e-05
783 2.850644e-05
784 2.128032e-05
785 1.517363e-05
786 1.120228e-05
787 7.956184e-06
788 5.794556e-06
789 4.236297e-06
790 0.000000e+00
791 0.000000e+00
792 0.000000e+00
793 0.000000e+00
794 0.000000e+00
795 0.000000e+00
796 0.000000e+00
797 0.000000e+00
798 0.000000e+00
799 0.000000e+00
800 5.126233e-05
801 4.362407e-05
802 3.556284e-05
803 2.911024e-05
804 2.450704e-05
805 1.944494e-05
806 1.351918e-05
807 1.007430e-05
808 7.134726e-06
809 5.091260e-06
810 3.615119e-06
811 0.000000e+00
812 0.000000e+00
813 0.000000e+00
814 0.000000e+00
815 0.000000e+00
816 0.000000e+00
817 0.000000e+00
818 0.000000e+00
819 0.000000e+00
820 3.004313e-05
821 2.755917e-05
822 2.359280e-05
823 1.924791e-05
824 1.569186e-05
825 1.321924e-05
826 1.066619e-05
827 7.366191e-06
828 5.465163e-06
829 3.854230e-06
830 2.746400e-06
831 1.920122e-06
832 1.368959e-06
833 0.000000e+00
834 0.000000e+00
835 0.000000e+00
836 0.000000e+00
837 0.000000e+00
838 0.000000e+00
839 0.000000e+00
840 2.354052e-05
841 2.285954e-05
842 2.078089e-05
843 1.763513e-05
844 1.433040e-05
845 1.172008e-05
846 9.906522e-06
847 7.850452e-06
848 5.325466e-06
849 4.033763e-06
850 2.751836e-06
851 1.973069e-06
852 1.367598e-06
853 0.000000e+00
854 0.000000e+00
855 0.000000e+00
856 0.000000e+00
857 0.000000e+00
858 0.000000e+00
859 0.000000e+00
860 1.089371e-05
861 1.103328e-05
862 1.057194e-05
863 9.461520e-06
864 7.925984e-06
865 6.420104e-06
866 5.290777e-06
867 4.471908e-06
868 3.408644e-06
869 2.305999e-06
870 1.765749e-06
871 1.176417e-06
872 8.308782e-07
873 5.746615e-07
874 0.000000e+00
875 0.000000e+00
876 0.000000e+00
877 0.000000e+00
878 0.000000e+00
879 0.000000e+00
880 1.108073e-06
881 9.111072e-07
882 7.487983e-07
883 5.947244e-07
884 4.450962e-07
885 3.175238e-07
886 2.340667e-07
887 1.666771e-07
888 1.212521e-07
889 8.862301e-08
890 0.000000e+00
891 0.000000e+00
892 0.000000e+00
893 0.000000e+00
894 0.000000e+00
895 0.000000e+00
896 0.000000e+00
897 0.000000e+00
898 0.000000e+00
899 0.000000e+00
900 1.071384e-06
901 9.129838e-07
902 7.451740e-07
903 6.099618e-07
904 5.127909e-07
905 4.077381e-07
906 2.846965e-07
907 2.109607e-07
908 1.501222e-07
909 1.068441e-07
910 7.594276e-08
911 0.000000e+00
912 0.000000e+00
913 0.000000e+00
914 0.000000e+00
915 0.000000e+00
916 0.000000e+00
917 0.000000e+00
918 0.000000e+00
919 0.000000e+00
920 8.238169e-07
921 7.567692e-07
922 6.492134e-07
923 5.301717e-07
924 4.323076e-07
925 3.638497e-07
926 2.937828e-07
927 2.040360e-07
928 1.505992e-07
929 1.067927e-07
930 7.567010e-08
931 5.298322e-08
932 3.777271e-08
933 0.000000e+00
934 0.000000e+00
935 0.000000e+00
936 0.000000e+00
937 0.000000e+00
938 0.000000e+00
939 0.000000e+00
940 7.609898e-07
941 7.343432e-07
942 6.657119e-07
943 5.641901e-07
944 4.583269e-07
945 3.739052e-07
946 3.144147e-07
947 2.487428e-07
948 1.699555e-07
949 1.277979e-07
950 8.813656e-08
951 6.292321e-08
952 4.368903e-08
953 0.000000e+00
954 0.000000e+00
955 0.000000e+00
956 0.000000e+00
957 0.000000e+00
958 0.000000e+00
959 0.000000e+00
960 5.806649e-07
961 5.805676e-07
962 5.516020e-07
963 4.912272e-07
964 4.109110e-07
965 3.324825e-07
966 2.727178e-07
967 2.286229e-07
968 1.746796e-07
969 1.190363e-07
970 9.013731e-08
971 6.080941e-08
972 4.303133e-08
973 2.979450e-08
974 0.000000e+00
975 0.000000e+00
976 0.000000e+00
977 0.000000e+00
978 0.000000e+00
979 0.000000e+00
980 4.896077e-09
981 3.738475e-09
982 2.776915e-09
983 2.016482e-09
984 1.472566e-09
985 1.098730e-09
986 8.259622e-10
987 6.303889e-10
988 4.888322e-10
989 3.821501e-10
990 2.991913e-10
991 2.327722e-10
992 1.786197e-10
993 1.343545e-10
994 9.861764e-11
995 7.035131e-11
996 4.869220e-11
997 3.269905e-11
998 2.132495e-11
999 1.355446e-11
1000 1.417577e-08
1001 1.124913e-08
1002 8.805314e-09
1003 6.739083e-09
1004 4.994510e-09
1005 3.630129e-09
1006 2.667426e-09
1007 1.971794e-09
1008 1.464881e-09
1009 1.107935e-09
1010 8.479030e-10
1011 6.553339e-10
1012 5.082157e-10
1013 3.926660e-10
1014 3.002246e-10
1015 2.257424e-10
1016 1.661435e-10
1017 1.192952e-10
1018 8.333873e-11
1019 5.662787e-11
1020 2.556293e-08
1021 2.078049e-08
1022 1.656978e-08
1023 1.302250e-08
1024 1.003454e-08
1025 7.495908e-09
1026 5.451011e-09
1027 3.980724e-09
1028 2.924865e-09
1029 2.150691e-09
1030 1.607493e-09
1031 1.215811e-09
1032 9.300487e-10
1033 7.157432e-10
1034 5.505859e-10
1035 4.204934e-10
1036 3.169078e-10
1037 2.345625e-10
1038 1.697651e-10
1039 1.198686e-10
1040 4.043060e-08
1041 3.392369e-08
1042 2.765646e-08
1043 2.208194e-08
1044 1.736658e-08
1045 1.339757e-08
1046 1.002065e-08
1047 7.286276e-09
1048 5.297226e-09
1049 3.869236e-09
1050 2.823839e-09
1051 2.090636e-09
1052 1.565446e-09
1053 1.185986e-09
1054 9.047600e-10
1055 6.911113e-10
1056 5.252471e-10
1057 3.948918e-10
1058 2.921514e-10
1059 2.119027e-10
1060 6.720971e-08
1061 5.917029e-08
1062 5.035867e-08
1063 4.154557e-08
1064 3.346138e-08
1065 2.647186e-08
1066 2.055481e-08
1067 1.554551e-08
1068 1.141523e-08
1069 8.264231e-09
1070 5.978131e-09
1071 4.319021e-09
1072 3.139101e-09
1073 2.304222e-09
1074 1.709184e-09
1075 1.279210e-09
1076 9.619436e-10
1077 7.230356e-10
1078 5.402431e-10
1079 3.993282e-10
1080 2.076564e-07
1081 2.046421e-07
1082 1.961987e-07
1083 1.823594e-07
1084 1.638888e-07
1085 1.422371e-07
1086 1.192232e-07
1087 9.699484e-08
1088 7.718246e-08
1089 6.035440e-08
1090 4.618749e-08
1091 3.414991e-08
1092 2.428363e-08
1093 1.714300e-08
1094 1.202766e-08
1095 8.293598e-09
1096 5.731040e-09
1097 3.962538e-09
1098 2.747945e-09
1099 1.914688e-09
