0 2.462080e-09
1 1.850043e-09
2 1.371715e-09
3 1.018075e-09
4 7.610050e-10
5 5.730460e-10
6 4.369769e-10
7 3.367985e-10
8 2.613968e-10
9 2.031291e-10
10 1.570292e-10
11 1.200048e-10
12 9.013734e-11
13 6.625976e-11
14 4.753262e-11
15 3.320517e-11
16 2.259117e-11
17 1.499176e-11
18 9.721042e-12
19 6.179632e-12
20 3.624801e-09
21 2.757100e-09
22 2.051557e-09
23 1.509751e-09
24 1.118707e-09
25 8.369777e-10
26 6.313932e-10
27 4.832087e-10
28 3.735350e-10
29 2.904776e-10
30 2.257002e-10
31 1.740721e-10
32 1.323850e-10
33 9.876753e-11
34 7.199887e-11
35 5.112080e-11
36 3.531791e-11
37 2.375446e-11
38 1.557175e-11
39 9.980491e-12
40 3.995098e-09
41 3.042993e-09
42 2.262848e-09
43 1.657318e-09
44 1.221722e-09
45 9.133428e-10
46 6.881070e-10
47 5.261033e-10
48 4.071617e-10
49 3.171907e-10
50 2.471318e-10
51 1.911856e-10
52 1.458576e-10
53 1.091350e-10
54 7.975397e-11
55 5.672328e-11
56 3.921414e-11
57 2.636041e-11
58 1.724683e-11
59 1.102177e-11
60 7.523097e-09
61 5.895596e-09
62 4.534010e-09
63 3.403948e-09
64 2.508875e-09
65 1.849188e-09
66 1.372190e-09
67 1.023814e-09
68 7.738734e-10
69 5.916455e-10
70 4.562809e-10
71 3.530337e-10
72 2.722530e-10
73 2.079505e-10
74 1.564425e-10
75 1.153374e-10
76 8.306260e-11
77 5.832732e-11
78 3.988695e-11
79 2.658487e-11
80 9.552765e-09
81 7.535047e-09
82 5.845240e-09
83 4.430393e-09
84 3.277139e-09
85 2.403185e-09
86 1.776736e-09
87 1.318791e-09
88 9.892315e-10
89 7.518819e-10
90 5.774243e-10
91 4.461781e-10
92 3.447296e-10
93 2.645478e-10
94 2.004531e-10
95 1.491393e-10
96 1.085308e-10
97 7.706823e-11
98 5.329460e-11
99 3.590048e-11
100 1.399717e-08
101 1.119916e-08
102 8.811193e-09
103 6.808504e-09
104 5.139898e-09
105 3.792586e-09
106 2.779077e-09
107 2.050493e-09
108 1.517617e-09
109 1.136312e-09
110 8.607982e-10
111 6.586172e-10
112 5.068104e-10
113 3.897378e-10
114 2.977070e-10
115 2.244840e-10
116 1.663176e-10
117 1.206338e-10
118 8.540770e-11
119 5.895472e-11
120 2.393231e-07
121 1.928889e-07
122 1.455290e-07
123 1.057374e-07
124 7.743721e-08
125 5.604560e-08
126 4.068283e-08
127 2.996545e-08
128 2.251062e-08
129 0.000000e+00
130 0.000000e+00
131 0.000000e+00
132 0.000000e+00
133 0.000000e+00
134 0.000000e+00
135 0.000000e+00
136 0.000000e+00
137 0.000000e+00
138 0.000000e+00
139 0.000000e+00
140 6.439941e-07
141 5.263346e-07
142 4.098499e-07
143 2.991099e-07
144 2.173063e-07
145 1.589868e-07
146 1.142619e-07
147 8.372771e-08
148 6.227425e-08
149 0.000000e+00
150 0.000000e+00
151 0.000000e+00
152 0.000000e+00
153 0.000000e+00
154 0.000000e+00
155 0.000000e+00
156 0.000000e+00
157 0.000000e+00
158 0.000000e+00
159 0.000000e+00
160 8.089761e-07
161 6.622991e-07
162 5.182566e-07
163 3.787828e-07
164 2.747225e-07
165 2.013745e-07
166 1.444995e-07
167 1.058137e-07
168 7.857696e-08
169 0.000000e+00
170 0.000000e+00
171 0.000000e+00
172 0.000000e+00
173 0.000000e+00
174 0.000000e+00
175 0.000000e+00
176 0.000000e+00
177 0.000000e+00
178 0.000000e+00
179 0.000000e+00
180 -1.163693e-08
181 -9.405662e-09
182 -7.435147e-09
183 -6.595815e-09
184 -5.863478e-09
185 -3.885021e-09
186 -2.989303e-09
187 -2.120114e-09
188 -1.519462e-09
189 -1.062441e-09
190 0.000000e+00
191 0.000000e+00
192 0.000000e+00
193 0.000000e+00
194 0.000000e+00
195 0.000000e+00
196 0.000000e+00
197 0.000000e+00
198 0.000000e+00
199 0.000000e+00
200 2.938115e-07
201 2.397721e-07
202 1.987827e-07
203 1.649349e-07
204 1.244508e-07
205 8.849225e-08
206 6.559541e-08
207 4.664123e-08
208 3.358152e-08
209 2.428494e-08
210 0.000000e+00
211 0.000000e+00
212 0.000000e+00
213 0.000000e+00
214 0.000000e+00
215 0.000000e+00
216 0.000000e+00
217 0.000000e+00
218 0.000000e+00
219 0.000000e+00
220 5.803930e-07
221 4.739775e-07
222 3.911051e-07
223 3.255537e-07
224 2.505709e-07
225 1.779017e-07
226 1.313696e-07
227 9.399662e-08
228 6.743141e-08
229 4.858971e-08
230 0.000000e+00
231 0.000000e+00
232 0.000000e+00
233 0.000000e+00
234 0.000000e+00
235 0.000000e+00
236 0.000000e+00
237 0.000000e+00
238 0.000000e+00
239 0.000000e+00
240 -7.756652e-09
241 -6.507007e-09
242 -5.272676e-09
243 -4.327969e-09
244 -3.635252e-09
245 -2.802873e-09
246 -1.934155e-09
247 -1.472569e-09
248 -1.021148e-09
249 -7.402203e-10
250 -5.309535e-10
251 -3.872348e-10
252 0.000000e+00
253 0.000000e+00
254 0.000000e+00
255 0.000000e+00
256 0.000000e+00
257 0.000000e+00
258 0.000000e+00
259 0.000000e+00
260 2.035575e-08
261 1.685381e-08
262 1.365202e-08
263 1.143977e-08
264 9.728696e-09
265 7.096108e-09
266 4.773229e-09
267 3.792692e-09
268 2.494161e-09
269 1.837239e-09
270 1.325453e-09
271 9.721303e-10
272 0.000000e+00
273 0.000000e+00
274 0.000000e+00
275 0.000000e+00
276 0.000000e+00
277 0.000000e+00
278 0.000000e+00
279 0.000000e+00
280 2.733485e-07
281 2.330394e-07
282 1.901941e-07
283 1.557254e-07
284 1.311213e-07
285 1.043474e-07
286 7.249072e-08
287 5.400313e-08
288 3.817724e-08
289 2.733406e-08
290 1.940275e-08
291 1.403712e-08
292 0.000000e+00
293 0.000000e+00
294 0.000000e+00
295 0.000000e+00
296 0.000000e+00
297 0.000000e+00
298 0.000000e+00
299 0.000000e+00
300 4.066418e-09
301 3.084209e-09
302 2.285315e-09
303 1.668413e-09
304 1.224699e-09
305 9.106392e-10
306 6.866261e-10
307 5.275695e-10
308 4.084204e-10
309 3.199479e-10
310 2.499735e-10
311 1.938346e-10
312 0.000000e+00
313 0.000000e+00
314 0.000000e+00
315 0.000000e+00
316 0.000000e+00
317 0.000000e+00
318 0.000000e+00
319 0.000000e+00
320 -1.852034e-09
321 -2.837459e-09
322 -2.959680e-09
323 -2.735751e-09
324 -2.610312e-09
325 -2.584431e-09
326 -2.137383e-09
327 -1.346861e-09
328 -1.041049e-09
329 -6.350153e-10
330 -4.197549e-10
331 -2.559040e-10
332 0.000000e+00
333 0.000000e+00
334 0.000000e+00
335 0.000000e+00
336 0.000000e+00
337 0.000000e+00
338 0.000000e+00
339 0.000000e+00
340 7.559554e-08
341 6.668351e-08
342 5.554706e-08
343 4.472882e-08
344 3.633944e-08
345 3.018102e-08
346 2.316926e-08
347 1.592154e-08
348 1.217878e-08
349 8.362629e-09
350 6.079207e-09
351 4.354626e-09
352 0.000000e+00
353 0.000000e+00
354 0.000000e+00
355 0.000000e+00
356 0.000000e+00
357 0.000000e+00
358 0.000000e+00
359 0.000000e+00
360 4.353506e-09
361 3.318831e-09
362 2.468347e-09
363 1.805709e-09
364 1.329294e-09
365 9.934819e-10
366 7.482966e-10
367 5.719486e-10
368 4.427916e-10
369 3.451536e-10
370 2.691261e-10
371 2.083929e-10
372 1.591265e-10
373 0.000000e+00
374 0.000000e+00
375 0.000000e+00
376 0.000000e+00
377 0.000000e+00
378 0.000000e+00
379 0.000000e+00
380 1.003063e-08
381 7.810118e-09
382 5.998315e-09
383 4.514153e-09
384 3.304757e-09
385 2.378187e-09
386 1.722961e-09
387 1.282677e-09
388 9.707593e-10
389 7.381626e-10
390 5.755261e-10
391 4.501557e-10
392 3.513139e-10
393 0.000000e+00
394 0.000000e+00
395 0.000000e+00
396 0.000000e+00
397 0.000000e+00
398 0.000000e+00
399 0.000000e+00
400 7.464827e-09
401 4.589564e-09
402 2.685796e-09
403 1.589228e-09
404 8.727056e-10
405 2.156752e-10
406 0.000000e+00
407 0.000000e+00
408 0.000000e+00
409 0.000000e+00
410 3.107291e-11
411 7.102687e-11
412 1.024746e-10
413 0.000000e+00
414 0.000000e+00
415 0.000000e+00
416 0.000000e+00
417 0.000000e+00
418 0.000000e+00
419 0.000000e+00
420 1.041074e-04
421 8.616640e-05
422 6.779628e-05
423 4.896314e-05
424 3.573905e-05
425 2.614153e-05
426 1.873460e-05
427 1.367639e-05
428 1.014859e-05
429 0.000000e+00
430 0.000000e+00
431 0.000000e+00
432 0.000000e+00
433 0.000000e+00
434 0.000000e+00
435 0.000000e+00
436 0.000000e+00
437 0.000000e+00
438 0.000000e+00
439 0.000000e+00
440 7.280771e-05
441 5.932592e-05
442 4.878570e-05
443 4.093827e-05
444 3.194021e-05
445 2.235786e-05
446 1.668576e-05
447 1.185480e-05
448 8.538006e-06
449 6.124495e-06
450 0.000000e+00
451 0.000000e+00
452 0.000000e+00
453 0.000000e+00
454 0.000000e+00
455 0.000000e+00
456 0.000000e+00
457 0.000000e+00
458 0.000000e+00
459 0.000000e+00
460 4.942350e-05
461 4.233005e-05
462 3.455093e-05
463 2.816844e-05
464 2.372228e-05
465 1.917903e-05
466 1.330208e-05
467 9.864268e-06
468 7.019555e-06
469 5.030132e-06
470 3.548965e-06
471 2.561822e-06
472 0.000000e+00
473 0.000000e+00
474 0.000000e+00
475 0.000000e+00
476 0.000000e+00
477 0.000000e+00
478 0.000000e+00
479 0.000000e+00
480 4.177229e-05
481 3.811543e-05
482 3.246223e-05
483 2.641789e-05
484 2.157213e-05
485 1.821390e-05
486 1.456900e-05
487 9.957084e-06
488 7.494616e-06
489 5.200035e-06
490 3.745323e-06
491 2.620660e-06
492 0.000000e+00
493 0.000000e+00
494 0.000000e+00
495 0.000000e+00
496 0.000000e+00
497 0.000000e+00
498 0.000000e+00
499 0.000000e+00
500 3.295755e-05
501 3.159685e-05
502 2.829240e-05
503 2.370299e-05
504 1.919110e-05
505 1.580623e-05
506 1.337918e-05
507 1.023669e-05
508 6.908601e-06
509 5.340575e-06
510 3.559011e-06
511 2.550778e-06
512 1.791718e-06
513 0.000000e+00
514 0.000000e+00
515 0.000000e+00
516 0.000000e+00
517 0.000000e+00
518 0.000000e+00
519 0.000000e+00
520 1.207538e-06
521 9.907974e-07
522 7.800471e-07
523 5.711400e-07
524 4.134158e-07
525 3.037482e-07
526 2.175482e-07
527 1.591712e-07
528 1.179703e-07
529 0.000000e+00
530 0.000000e+00
531 0.000000e+00
532 0.000000e+00
533 0.000000e+00
534 0.000000e+00
535 0.000000e+00
536 0.000000e+00
537 0.000000e+00
538 0.000000e+00
539 0.000000e+00
540 1.243094e-06
541 1.015617e-06
542 8.359944e-07
543 6.969738e-07
544 5.420134e-07
545 3.846842e-07
546 2.834117e-07
547 2.035073e-07
548 1.456847e-07
549 1.047944e-07
550 0.000000e+00
551 0.000000e+00
552 0.000000e+00
553 0.000000e+00
554 0.000000e+00
555 0.000000e+00
556 0.000000e+00
557 0.000000e+00
558 0.000000e+00
559 0.000000e+00
560 1.053071e-06
561 9.022668e-07
562 7.377278e-07
563 6.022901e-07
564 5.060809e-07
565 4.075253e-07
566 2.853427e-07
567 2.100695e-07
568 1.504237e-07
569 1.069629e-07
570 7.583652e-08
571 5.475275e-08
572 0.000000e+00
573 0.000000e+00
574 0.000000e+00
575 0.000000e+00
576 0.000000e+00
577 0.000000e+00
578 0.000000e+00
579 0.000000e+00
580 1.018584e-06
581 9.278857e-07
582 7.909896e-07
583 6.441823e-07
584 5.256034e-07
585 4.418471e-07
586 3.526988e-07
587 2.438430e-07
588 1.816686e-07
589 1.275426e-07
590 9.095513e-08
591 6.390635e-08
592 0.000000e+00
593 0.000000e+00
594 0.000000e+00
595 0.000000e+00
596 0.000000e+00
597 0.000000e+00
598 0.000000e+00
599 0.000000e+00
600 8.507920e-07
601 8.103377e-07
602 7.229883e-07
603 6.046293e-07
604 4.894543e-07
605 4.024257e-07
606 3.386255e-07
607 2.580540e-07
608 1.757723e-07
609 1.344509e-07
610 9.089758e-08
611 6.483016e-08
612 4.559676e-08
613 0.000000e+00
614 0.000000e+00
615 0.000000e+00
616 0.000000e+00
617 0.000000e+00
618 0.000000e+00
619 0.000000e+00
620 4.898391e-09
621 3.740368e-09
622 2.778451e-09
623 2.017698e-09
624 1.473481e-09
625 1.099394e-09
626 8.264452e-10
627 6.307383e-10
628 4.890854e-10
629 3.823363e-10
630 2.993307e-10
631 2.328787e-10
632 1.787023e-10
633 1.344193e-10
634 9.866834e-11
635 7.039066e-11
636 4.872222e-11
637 3.272142e-11
638 2.134116e-11
639 1.356587e-11
640 1.417783e-08
641 1.125089e-08
642 8.806763e-09
643 6.740272e-09
644 4.995494e-09
645 3.630907e-09
646 2.667989e-09
647 1.972201e-09
648 1.465176e-09
649 1.108144e-09
650 8.480521e-10
651 6.554417e-10
652 5.082952e-10
653 3.927259e-10
654 3.002706e-10
655 2.257782e-10
656 1.661715e-10
657 1.193169e-10
658 8.335534e-11
659 5.664030e-11
660 2.556463e-08
661 2.078205e-08
662 1.657114e-08
663 1.302362e-08
664 1.003545e-08
665 7.496668e-09
666 5.451627e-09
667 3.981170e-09
668 2.925184e-09
669 2.150923e-09
670 1.607655e-09
671 1.215926e-09
672 9.301299e-10
673 7.158018e-10
674 5.506290e-10
675 4.205259e-10
676 3.169327e-10
677 2.345818e-10
678 1.697800e-10
679 1.198800e-10
680 2.076564e-07
681 2.046421e-07
682 1.961987e-07
683 1.823594e-07
684 1.638888e-07
685 1.422371e-07
686 1.192232e-07
687 9.699484e-08
688 7.718246e-08
689 6.035440e-08
690 4.618749e-08
691 3.414991e-08
692 2.428363e-08
693 1.714300e-08
694 1.202766e-08
695 8.293598e-09
696 5.731040e-09
697 3.962538e-09
698 2.747945e-09
699 1.914688e-09
