0 3.002624e-09
1 2.289285e-09
2 1.717904e-09
3 1.276282e-09
4 9.485266e-10
5 7.102546e-10
6 5.366709e-10
7 4.096173e-10
8 3.154278e-10
9 2.440386e-10
10 1.885991e-10
11 1.447289e-10
12 1.096264e-10
13 8.157772e-11
14 5.943569e-11
15 4.226297e-11
16 2.930955e-11
17 1.983001e-11
18 1.309796e-11
19 8.466161e-12
20 4.106236e-09
21 3.163897e-09
22 2.394852e-09
23 1.784665e-09
24 1.321363e-09
25 9.832034e-10
26 7.374508e-10
27 5.580824e-10
28 4.268437e-10
29 3.289863e-10
30 2.542469e-10
31 1.958714e-10
32 1.494959e-10
33 1.124503e-10
34 8.298404e-11
35 5.987431e-11
36 4.216046e-11
37 2.895970e-11
38 1.940190e-11
39 1.270150e-11
40 5.217236e-09
41 4.051786e-09
42 3.089352e-09
43 2.311648e-09
44 1.710453e-09
45 1.269001e-09
46 9.475461e-10
47 7.123371e-10
48 5.420084e-10
49 4.159801e-10
50 3.209927e-10
51 2.476154e-10
52 1.897299e-10
53 1.436060e-10
54 1.068587e-10
55 7.785211e-11
56 5.540036e-11
57 3.846817e-11
58 2.604669e-11
59 1.722157e-11
60 5.667426e-09
61 4.422846e-09
62 3.387851e-09
63 2.543524e-09
64 1.885550e-09
65 1.400899e-09
66 1.046652e-09
67 7.846546e-10
68 5.952227e-10
69 4.555352e-10
70 3.506041e-10
71 2.700567e-10
72 2.068726e-10
73 1.567511e-10
74 1.169143e-10
75 8.547624e-11
76 6.109799e-11
77 4.264884e-11
78 2.904927e-11
79 1.933189e-11
80 6.195065e-09
81 4.841619e-09
82 3.718652e-09
83 2.801590e-09
84 2.076389e-09
85 1.532779e-09
86 1.139915e-09
87 8.528015e-10
88 6.449026e-10
89 4.926079e-10
90 3.791392e-10
91 2.923806e-10
92 2.246064e-10
93 1.708685e-10
94 1.280548e-10
95 9.411276e-11
96 6.762735e-11
97 4.743852e-11
98 3.244115e-11
99 2.164881e-11
100 8.560035e-09
101 6.756257e-09
102 5.244909e-09
103 3.992315e-09
104 2.974422e-09
105 2.189337e-09
106 1.618481e-09
107 1.202701e-09
108 9.008192e-10
109 6.830094e-10
110 5.227377e-10
111 4.023512e-10
112 3.097715e-10
113 2.370751e-10
114 1.793341e-10
115 1.333629e-10
116 9.714089e-11
117 6.914106e-11
118 4.798975e-11
119 3.248299e-11
120 9.581181e-09
121 7.598802e-09
122 5.927726e-09
123 4.534359e-09
124 3.390966e-09
125 2.498808e-09
126 1.846495e-09
127 1.369253e-09
128 1.021597e-09
129 7.717908e-10
130 5.885667e-10
131 4.519830e-10
132 3.477136e-10
133 2.663555e-10
134 2.019681e-10
135 1.507629e-10
136 1.103629e-10
137 7.900531e-11
138 5.518377e-11
139 3.759960e-11
140 1.320669e-08
141 1.057708e-08
142 8.326350e-09
143 6.440772e-09
144 4.874285e-09
145 3.607515e-09
146 2.645074e-09
147 1.950907e-09
148 1.444355e-09
149 1.079947e-09
150 8.169420e-10
151 6.240149e-10
152 4.793212e-10
153 3.680998e-10
154 2.809087e-10
155 2.117555e-10
156 1.569294e-10
157 1.139319e-10
158 8.078424e-11
159 5.588097e-11
160 1.563388e-08
161 1.261550e-08
162 9.992851e-09
163 7.782601e-09
164 5.938023e-09
165 4.423129e-09
166 3.242311e-09
167 2.382826e-09
168 1.758005e-09
169 1.305884e-09
170 9.818590e-10
171 7.459696e-10
172 5.710919e-10
173 4.381835e-10
174 3.349889e-10
175 2.535861e-10
176 1.891171e-10
177 1.383898e-10
178 9.902110e-11
179 6.916903e-11
180 1.965067e-08
181 1.607550e-08
182 1.286552e-08
183 1.011364e-08
184 7.808099e-09
185 5.896196e-09
186 4.351584e-09
187 3.182389e-09
188 2.337773e-09
189 1.722801e-09
190 1.281857e-09
191 9.641819e-10
192 7.323762e-10
193 5.594477e-10
194 4.274590e-10
195 3.247233e-10
196 2.438950e-10
197 1.803128e-10
198 1.306708e-10
199 9.261579e-11
200 3.942977e-07
201 3.203064e-07
202 2.463633e-07
203 1.795484e-07
204 1.308149e-07
205 9.531967e-08
206 6.877231e-08
207 5.049833e-08
208 3.770756e-08
209 0.000000e+00
210 0.000000e+00
211 0.000000e+00
212 0.000000e+00
213 0.000000e+00
214 0.000000e+00
215 0.000000e+00
216 0.000000e+00
217 0.000000e+00
218 0.000000e+00
219 0.000000e+00
220 6.574511e-07
221 5.368436e-07
222 4.174041e-07
223 3.046860e-07
224 2.213929e-07
225 1.619106e-07
226 1.164170e-07
227 8.533179e-08
228 6.349552e-08
229 0.000000e+00
230 0.000000e+00
231 0.000000e+00
232 0.000000e+00
233 0.000000e+00
234 0.000000e+00
235 0.000000e+00
236 0.000000e+00
237 0.000000e+00
238 0.000000e+00
239 0.000000e+00
240 9.140815e-07
241 7.482761e-07
242 5.854072e-07
243 4.278770e-07
244 3.103438e-07
245 2.274711e-07
246 1.632373e-07
247 1.195401e-07
248 8.877647e-08
249 0.000000e+00
250 0.000000e+00
251 0.000000e+00
252 0.000000e+00
253 0.000000e+00
254 0.000000e+00
255 0.000000e+00
256 0.000000e+00
257 0.000000e+00
258 0.000000e+00
259 0.000000e+00
260 1.004305e-06
261 8.227233e-07
262 6.448824e-07
263 4.715845e-07
264 3.418342e-07
265 2.507323e-07
266 1.798217e-07
267 1.316493e-07
268 9.770985e-08
269 0.000000e+00
270 0.000000e+00
271 0.000000e+00
272 0.000000e+00
273 0.000000e+00
274 0.000000e+00
275 0.000000e+00
276 0.000000e+00
277 0.000000e+00
278 0.000000e+00
279 0.000000e+00
280 8.030079e-08
281 6.565944e-08
282 5.482850e-08
283 4.532150e-08
284 3.349753e-08
285 2.397878e-08
286 1.773017e-08
287 1.257042e-08
288 9.044681e-09
289 6.561922e-09
290 0.000000e+00
291 0.000000e+00
292 0.000000e+00
293 0.000000e+00
294 0.000000e+00
295 0.000000e+00
296 0.000000e+00
297 0.000000e+00
298 0.000000e+00
299 0.000000e+00
300 2.772381e-07
301 2.264477e-07
302 1.875041e-07
303 1.559159e-07
304 1.186316e-07
305 8.427271e-08
306 6.236308e-08
307 4.443709e-08
308 3.193295e-08
309 2.304472e-08
310 0.000000e+00
311 0.000000e+00
312 0.000000e+00
313 0.000000e+00
314 0.000000e+00
315 0.000000e+00
316 0.000000e+00
317 0.000000e+00
318 0.000000e+00
319 0.000000e+00
320 5.550086e-07
321 4.534054e-07
322 3.742291e-07
323 3.117087e-07
324 2.400770e-07
325 1.704216e-07
326 1.258220e-07
327 9.002439e-08
328 6.455518e-08
329 4.649735e-08
330 0.000000e+00
331 0.000000e+00
332 0.000000e+00
333 0.000000e+00
334 0.000000e+00
335 0.000000e+00
336 0.000000e+00
337 0.000000e+00
338 0.000000e+00
339 0.000000e+00
340 6.868737e-07
341 5.611881e-07
342 4.627492e-07
343 3.856267e-07
344 2.981095e-07
345 2.115935e-07
346 1.560902e-07
347 1.118277e-07
348 8.013311e-08
349 5.768443e-08
350 0.000000e+00
351 0.000000e+00
352 0.000000e+00
353 0.000000e+00
354 0.000000e+00
355 0.000000e+00
356 0.000000e+00
357 0.000000e+00
358 0.000000e+00
359 0.000000e+00
360 4.875785e-09
361 4.426896e-09
362 3.769913e-09
363 3.227553e-09
364 2.844078e-09
365 2.308486e-09
366 1.598036e-09
367 1.161570e-09
368 8.137512e-10
369 5.534769e-10
370 3.797772e-10
371 2.654357e-10
372 0.000000e+00
373 0.000000e+00
374 0.000000e+00
375 0.000000e+00
376 0.000000e+00
377 0.000000e+00
378 0.000000e+00
379 0.000000e+00
380 5.278229e-08
381 4.490897e-08
382 3.672182e-08
383 3.042504e-08
384 2.588648e-08
385 2.020093e-08
386 1.385833e-08
387 1.051089e-08
388 7.253299e-09
389 5.215870e-09
390 3.699309e-09
391 2.673424e-09
392 0.000000e+00
393 0.000000e+00
394 0.000000e+00
395 0.000000e+00
396 0.000000e+00
397 0.000000e+00
398 0.000000e+00
399 0.000000e+00
400 2.740129e-07
401 2.341706e-07
402 1.913469e-07
403 1.568038e-07
404 1.322508e-07
405 1.055753e-07
406 7.337442e-08
407 5.455680e-08
408 3.861789e-08
409 2.759224e-08
410 1.955596e-08
411 1.412657e-08
412 0.000000e+00
413 0.000000e+00
414 0.000000e+00
415 0.000000e+00
416 0.000000e+00
417 0.000000e+00
418 0.000000e+00
419 0.000000e+00
420 4.308874e-07
421 3.688787e-07
422 3.016144e-07
423 2.467174e-07
424 2.077640e-07
425 1.666758e-07
426 1.162766e-07
427 8.600200e-08
428 6.124090e-08
429 4.363524e-08
430 3.092401e-08
431 2.232621e-08
432 0.000000e+00
433 0.000000e+00
434 0.000000e+00
435 0.000000e+00
436 0.000000e+00
437 0.000000e+00
438 0.000000e+00
439 0.000000e+00
440 1.743459e-08
441 1.507870e-08
442 1.243148e-08
443 9.884198e-09
444 7.861799e-09
445 6.420293e-09
446 5.054221e-09
447 3.556959e-09
448 2.666571e-09
449 1.911453e-09
450 1.392309e-09
451 1.003570e-09
452 0.000000e+00
453 0.000000e+00
454 0.000000e+00
455 0.000000e+00
456 0.000000e+00
457 0.000000e+00
458 0.000000e+00
459 0.000000e+00
460 2.341181e-08
461 2.015800e-08
462 1.661028e-08
463 1.320649e-08
464 1.043983e-08
465 8.416634e-09
466 6.597113e-09
467 4.665195e-09
468 3.470568e-09
469 2.504700e-09
470 1.825376e-09
471 1.321814e-09
472 0.000000e+00
473 0.000000e+00
474 0.000000e+00
475 0.000000e+00
476 0.000000e+00
477 0.000000e+00
478 0.000000e+00
479 0.000000e+00
480 1.062547e-07
481 9.465879e-08
482 7.942551e-08
483 6.418325e-08
484 5.217989e-08
485 4.347893e-08
486 3.384877e-08
487 2.332746e-08
488 1.766746e-08
489 1.224056e-08
490 8.841027e-09
491 6.292525e-09
492 0.000000e+00
493 0.000000e+00
494 0.000000e+00
495 0.000000e+00
496 0.000000e+00
497 0.000000e+00
498 0.000000e+00
499 0.000000e+00
500 2.886207e-07
501 2.610405e-07
502 2.213462e-07
503 1.797986e-07
504 1.465885e-07
505 1.229562e-07
506 9.730306e-08
507 6.710710e-08
508 5.033784e-08
509 3.512402e-08
510 2.517224e-08
511 1.775690e-08
512 0.000000e+00
513 0.000000e+00
514 0.000000e+00
515 0.000000e+00
516 0.000000e+00
517 0.000000e+00
518 0.000000e+00
519 0.000000e+00
520 1.833362e-08
521 1.565026e-08
522 1.291888e-08
523 1.025766e-08
524 7.979095e-09
525 6.288109e-09
526 5.052093e-09
527 3.821824e-09
528 2.716810e-09
529 2.081266e-09
530 1.486008e-09
531 1.096638e-09
532 8.030398e-10
533 0.000000e+00
534 0.000000e+00
535 0.000000e+00
536 0.000000e+00
537 0.000000e+00
538 0.000000e+00
539 0.000000e+00
540 2.872736e-08
541 2.454238e-08
542 2.031078e-08
543 1.618831e-08
544 1.258089e-08
545 9.819080e-09
546 7.800594e-09
547 5.865841e-09
548 4.161300e-09
549 3.169501e-09
550 2.265826e-09
551 1.675050e-09
552 1.233853e-09
553 0.000000e+00
554 0.000000e+00
555 0.000000e+00
556 0.000000e+00
557 0.000000e+00
558 0.000000e+00
559 0.000000e+00
560 4.322039e-08
561 3.698067e-08
562 3.062443e-08
563 2.450227e-08
564 1.915378e-08
565 1.494140e-08
566 1.171252e-08
567 8.690448e-09
568 6.187521e-09
569 4.662290e-09
570 3.337501e-09
571 2.457476e-09
572 1.817145e-09
573 0.000000e+00
574 0.000000e+00
575 0.000000e+00
576 0.000000e+00
577 0.000000e+00
578 0.000000e+00
579 0.000000e+00
580 1.483743e-07
581 1.368622e-07
582 1.194385e-07
583 9.861700e-08
584 7.917289e-08
585 6.436874e-08
586 5.318995e-08
587 3.999055e-08
588 2.758355e-08
589 2.100340e-08
590 1.439123e-08
591 1.031782e-08
592 7.363510e-09
593 0.000000e+00
594 0.000000e+00
595 0.000000e+00
596 0.000000e+00
597 0.000000e+00
598 0.000000e+00
599 0.000000e+00
600 1.450749e-04
601 1.200746e-04
602 9.447631e-05
603 6.823164e-05
604 4.980343e-05
605 3.642908e-05
606 2.610721e-05
607 1.905842e-05
608 1.414229e-05
609 0.000000e+00
610 0.000000e+00
611 0.000000e+00
612 0.000000e+00
613 0.000000e+00
614 0.000000e+00
615 0.000000e+00
616 0.000000e+00
617 0.000000e+00
618 0.000000e+00
619 0.000000e+00
620 7.271524e-05
621 5.925046e-05
622 4.872256e-05
623 4.088638e-05
624 3.190252e-05
625 2.233070e-05
626 1.666574e-05
627 1.184060e-05
628 8.527774e-06
629 6.117043e-06
630 0.000000e+00
631 0.000000e+00
632 0.000000e+00
633 0.000000e+00
634 0.000000e+00
635 0.000000e+00
636 0.000000e+00
637 0.000000e+00
638 0.000000e+00
639 0.000000e+00
640 4.947838e-05
641 4.237789e-05
642 3.459007e-05
643 2.819987e-05
644 2.374850e-05
645 1.920130e-05
646 1.331775e-05
647 9.875511e-06
648 7.027871e-06
649 5.036050e-06
650 3.553101e-06
651 2.564796e-06
652 0.000000e+00
653 0.000000e+00
654 0.000000e+00
655 0.000000e+00
656 0.000000e+00
657 0.000000e+00
658 0.000000e+00
659 0.000000e+00
660 4.191179e-05
661 3.824215e-05
662 3.256990e-05
663 2.650537e-05
664 2.164352e-05
665 1.827405e-05
666 1.461693e-05
667 9.989862e-06
668 7.519321e-06
669 5.217167e-06
670 3.757675e-06
671 2.629324e-06
672 0.000000e+00
673 0.000000e+00
674 0.000000e+00
675 0.000000e+00
676 0.000000e+00
677 0.000000e+00
678 0.000000e+00
679 0.000000e+00
680 3.121851e-05
681 2.992193e-05
682 2.678874e-05
683 2.244108e-05
684 1.816857e-05
685 1.496282e-05
686 1.266373e-05
687 9.688462e-06
688 6.539226e-06
689 5.054777e-06
690 3.368932e-06
691 2.414598e-06
692 1.696216e-06
693 0.000000e+00
694 0.000000e+00
695 0.000000e+00
696 0.000000e+00
697 0.000000e+00
698 0.000000e+00
699 0.000000e+00
