0 4.568554e-01
1 3.772320e-01
2 2.604439e-01
3 1.587086e-01
4 9.889251e-02
5 7.412566e-02
6 6.256387e-02
7 4.987902e-02
8 3.564954e-02
9 2.490674e-02
10 1.913716e-02
11 1.561289e-02
12 1.181466e-02
13 7.838581e-03
14 4.947008e-03
15 3.494561e-03
16 2.791860e-03
17 2.185480e-03
18 1.596372e-03
19 1.197505e-03
20 1.035000e-03
21 1.027637e-03
22 1.096053e-03
23 1.180621e-03
24 1.223637e-03
25 1.204783e-03
26 1.157320e-03
27 1.113760e-03
28 1.059408e-03
29 9.591811e-04
30 8.079971e-04
31 6.359124e-04
32 4.781333e-04
33 3.546492e-04
34 2.683378e-04
35 2.091445e-04
36 1.646554e-04
37 1.342625e-04
38 1.283152e-04
39 1.492866e-04
40 1.818857e-04
41 2.081528e-04
42 2.249317e-04
43 2.388444e-04
44 2.507239e-04
45 2.548934e-04
46 2.500442e-04
47 2.403576e-04
48 2.263800e-04
49 2.040853e-04
50 1.744721e-04
51 1.460073e-04
52 1.243464e-04
53 1.060391e-04
54 8.653286e-05
55 6.926421e-05
56 6.146333e-05
57 6.384703e-05
58 6.984763e-05
59 7.415279e-05
60 7.746098e-05
61 8.250525e-05
62 8.910714e-05
63 9.446476e-05
64 9.597651e-05
65 9.256187e-05
66 8.492135e-05
67 7.568764e-05
68 6.799243e-05
69 6.253638e-05
70 5.678476e-05
71 4.822843e-05
72 3.812026e-05
73 3.098728e-05
74 3.033237e-05
75 3.529094e-05
76 4.152072e-05
77 4.502023e-05
78 4.511854e-05
79 4.419734e-05
80 4.489064e-05
81 4.765138e-05
82 5.080488e-05
83 5.244825e-05
84 5.197948e-05
85 5.017425e-05
86 4.842867e-05
87 4.783152e-05
88 4.820904e-05
89 4.785663e-05
90 4.492773e-05
91 3.962028e-05
92 3.456900e-05
93 3.251153e-05
94 3.373945e-05
95 3.619008e-05
96 3.769016e-05
97 3.758283e-05
98 3.650492e-05
99 3.545069e-05
100 3.518062e-05
101 3.579830e-05
102 3.646203e-05
103 3.589604e-05
104 3.359288e-05
105 3.036025e-05
106 2.749408e-05
107 2.564049e-05
108 2.461223e-05
109 2.392450e-05
110 2.312362e-05
111 2.186698e-05
112 2.021338e-05
113 1.881147e-05
114 1.835019e-05
115 1.872557e-05
116 1.909799e-05
117 1.889216e-05
118 1.840937e-05
119 1.825484e-05
120 1.844865e-05
121 1.840782e-05
122 1.766431e-05
123 1.630987e-05
124 1.480573e-05
125 1.365774e-05
126 1.328444e-05
127 1.385360e-05
128 1.502403e-05
129 1.601812e-05
130 1.621604e-05
131 1.569506e-05
132 1.504377e-05
133 1.464967e-05
134 1.433296e-05
135 1.373595e-05
136 1.289847e-05
137 1.225904e-05
138 1.211732e-05
139 1.227060e-05
140 1.224636e-05
141 1.178329e-05
142 1.099918e-05
143 1.017339e-05
144 9.493820e-06
145 8.994848e-06
146 8.615853e-06
147 8.287197e-06
148 8.038757e-06
149 8.038558e-06
150 8.417809e-06
151 9.006618e-06
152 9.356756e-06
153 9.149948e-06
154 8.546301e-06
155 8.020371e-06
156 7.863204e-06
157 7.943732e-06
158 7.956460e-06
159 7.780866e-06
160 7.542581e-06
161 7.413813e-06
162 7.441201e-06
163 7.530978e-06
164 7.534615e-06
165 7.374959e-06
166 7.147762e-06
167 7.073570e-06
168 7.283824e-06
169 7.672542e-06
170 8.029377e-06
171 8.297415e-06
172 8.590684e-06
173 8.936445e-06
174 9.129450e-06
175 8.943624e-06
176 8.417359e-06
177 7.809869e-06
178 7.311428e-06
179 6.935242e-06
180 6.689753e-06
181 6.663699e-06
182 6.824655e-06
183 6.881456e-06
184 6.560801e-06
185 5.998699e-06
186 5.650607e-06
187 5.747308e-06
188 6.007272e-06
189 6.004058e-06
190 5.683196e-06
191 5.347500e-06
192 5.218131e-06
193 5.226254e-06
194 5.228897e-06
195 5.193480e-06
196 5.081598e-06
197 4.765931e-06
198 4.247559e-06
199 3.819167e-06
200 3.777298e-06
201 4.013732e-06
202 4.127470e-06
203 3.970137e-06
204 3.843405e-06
205 4.040135e-06
206 4.397762e-06
207 4.521625e-06
208 4.339740e-06
209 4.174336e-06
210 4.252809e-06
211 4.393113e-06
212 4.299102e-06
213 4.002763e-06
214 3.822349e-06
215 3.929208e-06
216 4.132523e-06
217 4.135165e-06
218 3.888830e-06
219 3.622158e-06
220 3.572390e-06
221 3.757478e-06
222 3.992110e-06
223 4.071094e-06
224 3.935898e-06
225 3.705078e-06
226 3.558005e-06
227 3.564015e-06
228 3.609143e-06
229 3.507391e-06
230 3.201656e-06
231 2.843299e-06
232 2.651827e-06
233 2.699005e-06
234 2.851242e-06
235 2.921440e-06
236 2.845050e-06
237 2.694692e-06
238 2.564947e-06
239 2.496546e-06
240 2.503349e-06
241 2.603110e-06
242 2.777243e-06
243 2.933492e-06
244 2.966379e-06
245 2.863207e-06
246 2.718611e-06
247 2.634346e-06
248 2.628568e-06
249 2.652985e-06
250 2.669688e-06
251 2.681278e-06
252 2.694936e-06
253 2.691305e-06
254 2.647500e-06
255 2.580381e-06
256 2.546087e-06
257 2.586102e-06
258 2.679542e-06
259 2.761276e-06
260 2.789223e-06
261 2.781553e-06
262 2.780997e-06
263 2.797271e-06
264 2.801058e-06
265 2.764395e-06
266 2.684095e-06
267 2.569752e-06
268 2.437758e-06
269 2.323570e-06
270 2.269716e-06
271 2.281309e-06
272 2.311862e-06
273 2.313096e-06
274 2.284122e-06
275 2.252838e-06
276 2.227520e-06
277 2.196065e-06
278 2.161564e-06
279 2.143582e-06
280 2.143833e-06
281 2.141585e-06
282 2.127656e-06
283 2.114423e-06
284 2.106983e-06
285 2.096015e-06
286 2.089079e-06
287 2.113282e-06
288 2.165969e-06
289 2.195263e-06
290 2.159372e-06
291 2.079832e-06
292 2.003824e-06
293 1.939332e-06
294 1.869934e-06
295 1.812245e-06
296 1.799976e-06
297 1.812757e-06
298 1.783060e-06
299 1.693527e-06
300 1.613952e-06
301 1.610004e-06
302 1.660809e-06
303 1.707164e-06
304 1.739171e-06
305 1.778476e-06
306 1.801735e-06
307 1.756723e-06
308 1.658602e-06
309 1.600662e-06
310 1.638387e-06
311 1.711065e-06
312 1.718549e-06
313 1.646499e-06
314 1.576236e-06
315 1.587418e-06
316 1.685915e-06
317 1.815646e-06
318 1.904819e-06
319 1.904132e-06
320 1.816549e-06
321 1.699880e-06
322 1.616937e-06
323 1.575667e-06
324 1.536871e-06
325 1.481285e-06
326 1.439376e-06
327 1.441864e-06
328 1.467604e-06
329 1.465222e-06
330 1.414133e-06
331 1.342942e-06
332 1.294025e-06
333 1.287210e-06
334 1.312948e-06
335 1.344380e-06
336 1.358805e-06
337 1.360894e-06
338 1.379398e-06
339 1.425531e-06
340 1.463017e-06
341 1.444640e-06
342 1.377938e-06
343 1.324568e-06
344 1.322789e-06
345 1.338093e-06
346 1.313822e-06
347 1.251482e-06
348 1.209773e-06
349 1.229985e-06
350 1.293063e-06
351 1.354453e-06
352 1.392506e-06
353 1.408334e-06
354 1.402337e-06
355 1.377504e-06
356 1.356781e-06
357 1.368894e-06
358 1.409806e-06
359 1.435991e-06
360 1.408774e-06
361 1.338745e-06
362 1.276130e-06
363 1.258979e-06
364 1.278075e-06
365 1.292920e-06
366 1.275322e-06
367 1.232563e-06
368 1.190983e-06
369 1.165635e-06
370 1.152660e-06
371 1.147505e-06
372 1.156889e-06
373 1.183944e-06
374 1.210315e-06
375 1.210233e-06
376 1.185159e-06
377 1.168651e-06
378 1.185444e-06
379 1.216060e-06
380 1.218659e-06
381 1.182795e-06
382 1.142146e-06
383 1.127717e-06
384 1.125837e-06
385 1.098544e-06
386 1.036862e-06
387 9.736631e-07
388 9.416134e-07
389 9.360852e-07
390 9.299946e-07
391 9.129561e-07
392 8.989593e-07
393 8.979873e-07
394 8.979812e-07
395 8.838759e-07
396 8.644129e-07
397 8.659761e-07
398 8.988020e-07
399 9.393231e-07
400 9.528406e-07
401 9.307453e-07
402 8.993445e-07
403 8.913896e-07
404 9.133478e-07
405 9.431340e-07
406 9.565961e-07
407 9.509516e-07
408 9.415123e-07
409 9.401647e-07
410 9.420438e-07
411 9.339998e-07
412 9.134430e-07
413 8.959271e-07
414 9.018379e-07
415 9.337210e-07
416 9.673983e-07
417 9.701294e-07
418 9.322105e-07
419 8.795946e-07
420 8.499206e-07
421 8.540958e-07
422 8.656154e-07
423 8.508990e-07
424 8.066056e-07
425 7.621475e-07
426 7.476469e-07
427 7.661756e-07
428 7.979266e-07
429 8.230303e-07
430 8.333648e-07
431 8.264581e-07
432 7.990765e-07
433 7.526195e-07
434 7.007747e-07
435 6.644412e-07
436 6.553941e-07
437 6.655135e-07
438 6.739813e-07
439 6.663837e-07
440 6.470095e-07
441 6.319213e-07
442 6.301941e-07
443 6.340240e-07
444 6.291853e-07
445 6.135918e-07
446 6.011168e-07
447 6.052521e-07
448 6.226166e-07
449 6.370918e-07
450 6.392117e-07
451 6.359910e-07
452 6.393906e-07
453 6.497480e-07
454 6.559928e-07
455 6.505928e-07
456 6.375169e-07
457 6.232331e-07
458 6.062776e-07
459 5.825906e-07
460 5.586743e-07
461 5.501446e-07
462 5.630675e-07
463 5.824858e-07
464 5.861072e-07
465 5.677447e-07
466 5.415791e-07
467 5.241688e-07
468 5.193604e-07
469 5.227109e-07
470 5.326119e-07
471 5.495658e-07
472 5.681534e-07
473 5.790829e-07
474 5.812803e-07
475 5.854942e-07
476 6.015373e-07
477 6.248361e-07
478 6.390655e-07
479 6.306049e-07
480 5.986815e-07
481 5.546122e-07
482 5.149332e-07
483 4.924992e-07
484 4.877548e-07
485 4.873555e-07
486 4.761763e-07
487 4.538291e-07
488 4.371434e-07
489 4.440761e-07
490 4.764451e-07
491 5.190212e-07
492 5.520090e-07
493 5.621348e-07
494 5.465651e-07
495 5.137925e-07
496 4.813880e-07
497 4.658412e-07
498 4.692070e-07
499 4.773803e-07
500 4.748438e-07
501 4.601828e-07
502 4.445948e-07
503 4.367004e-07
504 4.331138e-07
505 4.249507e-07
506 4.102973e-07
507 3.976360e-07
508 3.977545e-07
509 4.135347e-07
510 4.369359e-07
511 4.552706e-07
512 4.619064e-07
513 4.623824e-07
514 4.688618e-07
515 4.863412e-07
516 5.047711e-07
517 5.075105e-07
518 4.884726e-07
519 4.588075e-07
520 4.352496e-07
521 4.238297e-07
522 4.174246e-07
523 4.078322e-07
524 3.960160e-07
525 3.888980e-07
526 3.892482e-07
527 3.925147e-07
528 3.934192e-07
529 3.924495e-07
530 3.941609e-07
531 4.007937e-07
532 4.099666e-07
533 4.186304e-07
534 4.271333e-07
535 4.378281e-07
536 4.502577e-07
537 4.594181e-07
538 4.597329e-07
539 4.504400e-07
540 4.365742e-07
541 4.248932e-07
542 4.191250e-07
543 4.182363e-07
544 4.175877e-07
545 4.117180e-07
546 3.986829e-07
547 3.841780e-07
548 3.800314e-07
549 3.943962e-07
550 4.214349e-07
551 4.432556e-07
552 4.453480e-07
553 4.299352e-07
554 4.120763e-07
555 4.031684e-07
556 4.010509e-07
557 3.964136e-07
558 3.850380e-07
559 3.710024e-07
560 3.601271e-07
561 3.540812e-07
562 3.508097e-07
563 3.475365e-07
564 3.423336e-07
565 3.351314e-07
566 3.287488e-07
567 3.272693e-07
568 3.315279e-07
569 3.370963e-07
570 3.386008e-07
571 3.358917e-07
572 3.344611e-07
573 3.394578e-07
574 3.500199e-07
575 3.593835e-07
576 3.598862e-07
577 3.485381e-07
578 3.294044e-07
579 3.108873e-07
580 2.992686e-07
581 2.940045e-07
582 2.898886e-07
583 2.839893e-07
584 2.792377e-07
585 2.804802e-07
586 2.882650e-07
587 2.980224e-07
588 3.049505e-07
589 3.083677e-07
590 3.113381e-07
591 3.172690e-07
592 3.270613e-07
593 3.382664e-07
594 3.461316e-07
595 3.461677e-07
596 3.370043e-07
597 3.214780e-07
598 3.050389e-07
599 2.927034e-07
600 2.865967e-07
601 2.854990e-07
602 2.867195e-07
603 2.889035e-07
604 2.929490e-07
605 2.998128e-07
606 3.079930e-07
607 3.142985e-07
608 3.169600e-07
609 3.167456e-07
610 3.151202e-07
611 3.131087e-07
612 3.123036e-07
613 3.143601e-07
614 3.175482e-07
615 3.160117e-07
616 3.059269e-07
617 2.918892e-07
618 2.834940e-07
619 2.845673e-07
620 2.889103e-07
621 2.885952e-07
622 2.837855e-07
623 2.813972e-07
624 2.856584e-07
625 2.935261e-07
626 2.991747e-07
627 2.995830e-07
628 2.948450e-07
629 2.861092e-07
630 2.754890e-07
631 2.664587e-07
632 2.620843e-07
633 2.630490e-07
634 2.681185e-07
635 2.752160e-07
636 2.807964e-07
637 2.801416e-07
638 2.715073e-07
639 2.599660e-07
640 2.541729e-07
641 2.579858e-07
642 2.669632e-07
643 2.741003e-07
644 2.770667e-07
645 2.781739e-07
646 2.791259e-07
647 2.788080e-07
648 2.759985e-07
649 2.714301e-07
650 2.663153e-07
651 2.610951e-07
652 2.571164e-07
653 2.575875e-07
654 2.642011e-07
655 2.732524e-07
656 2.779151e-07
657 2.756304e-07
658 2.716405e-07
659 2.734397e-07
660 2.822226e-07
661 2.914749e-07
662 2.943024e-07
663 2.907939e-07
664 2.871727e-07
665 2.883505e-07
666 2.925811e-07
667 2.936885e-07
668 2.877075e-07
669 2.766897e-07
670 2.663345e-07
671 2.606909e-07
672 2.594520e-07
673 2.598317e-07
674 2.601443e-07
675 2.610712e-07
676 2.638164e-07
677 2.678840e-07
678 2.711050e-07
679 2.715461e-07
680 2.690498e-07
681 2.652542e-07
682 2.626211e-07
683 2.629734e-07
684 2.657364e-07
685 2.673015e-07
686 2.635173e-07
687 2.542706e-07
688 2.452043e-07
689 2.432219e-07
690 2.495259e-07
691 2.578663e-07
692 2.604252e-07
693 2.551386e-07
694 2.468298e-07
695 2.416948e-07
696 2.415135e-07
697 2.431871e-07
698 2.430390e-07
699 2.407995e-07
700 2.391819e-07
701 2.398538e-07
702 2.406768e-07
703 2.379146e-07
704 2.311412e-07
705 2.246607e-07
706 2.231538e-07
707 2.267688e-07
708 2.317306e-07
709 2.351007e-07
710 2.370898e-07
711 2.386666e-07
712 2.391297e-07
713 2.373718e-07
714 2.341821e-07
715 2.317013e-07
716 2.312528e-07
717 2.329972e-07
718 2.368865e-07
719 2.421007e-07
720 2.458947e-07
721 2.452834e-07
722 2.405480e-07
723 2.352906e-07
724 2.319975e-07
725 2.290661e-07
726 2.236078e-07
727 2.160133e-07
728 2.099802e-07
729 2.085878e-07
730 2.120037e-07
731 2.186159e-07
732 2.262558e-07
733 2.318854e-07
734 2.322501e-07
735 2.265973e-07
736 2.181354e-07
737 2.115618e-07
738 2.091911e-07
739 2.099291e-07
740 2.113763e-07
741 2.120164e-07
742 2.116793e-07
743 2.109071e-07
744 2.101183e-07
745 2.089842e-07
746 2.066880e-07
747 2.031728e-07
748 1.998720e-07
749 1.986157e-07
750 1.998966e-07
751 2.026119e-07
752 2.051392e-07
753 2.060247e-07
754 2.041435e-07
755 1.994848e-07
756 1.939309e-07
757 1.901110e-07
758 1.889981e-07
759 1.893563e-07
760 1.896503e-07
761 1.893376e-07
762 1.880609e-07
763 1.854086e-07
764 1.826867e-07
765 1.831531e-07
766 1.881392e-07
767 1.937560e-07
768 1.943016e-07
769 1.893091e-07
770 1.845537e-07
771 1.848315e-07
772 1.880772e-07
773 1.887495e-07
774 1.853727e-07
775 1.818413e-07
776 1.817020e-07
777 1.840803e-07
778 1.859682e-07
779 1.860977e-07
780 1.850788e-07
781 1.835046e-07
782 1.819477e-07
783 1.819222e-07
784 1.846748e-07
785 1.889870e-07
786 1.918949e-07
787 1.920588e-07
788 1.911196e-07
789 1.911326e-07
790 1.917971e-07
791 1.911021e-07
792 1.879248e-07
793 1.830574e-07
794 1.782757e-07
795 1.754798e-07
796 1.763059e-07
797 1.810200e-07
798 1.873085e-07
799 1.913170e-07
800 1.909091e-07
801 1.875984e-07
802 1.846215e-07
803 1.833746e-07
804 1.824078e-07
805 1.797209e-07
806 1.751330e-07
807 1.700990e-07
808 1.659370e-07
809 1.629250e-07
810 1.608490e-07
811 1.596209e-07
812 1.590273e-07
813 1.582376e-07
814 1.560564e-07
815 1.519149e-07
816 1.466805e-07
817 1.424053e-07
818 1.410103e-07
819 1.429295e-07
820 1.470083e-07
821 1.517917e-07
822 1.567300e-07
823 1.618805e-07
824 1.666984e-07
825 1.698599e-07
826 1.705892e-07
827 1.696350e-07
828 1.684250e-07
829 1.676132e-07
830 1.670954e-07
831 1.671209e-07
832 1.682800e-07
833 1.700816e-07
834 1.705866e-07
835 1.684088e-07
836 1.646576e-07
837 1.619405e-07
838 1.615062e-07
839 1.622198e-07
840 1.623596e-07
841 1.613712e-07
842 1.594239e-07
843 1.563707e-07
844 1.523566e-07
845 1.490249e-07
846 1.486807e-07
847 1.517243e-07
848 1.556440e-07
849 1.571780e-07
850 1.552742e-07
851 1.517444e-07
852 1.494294e-07
853 1.499394e-07
854 1.525808e-07
855 1.549015e-07
856 1.547224e-07
857 1.524267e-07
858 1.510389e-07
859 1.531300e-07
860 1.575879e-07
861 1.604936e-07
862 1.596858e-07
863 1.574914e-07
864 1.579188e-07
865 1.616514e-07
866 1.650659e-07
867 1.643047e-07
868 1.592736e-07
869 1.532097e-07
870 1.492045e-07
871 1.478589e-07
872 1.477200e-07
873 1.470809e-07
874 1.455070e-07
875 1.443412e-07
876 1.456231e-07
877 1.497420e-07
878 1.541504e-07
879 1.552962e-07
880 1.522061e-07
881 1.475040e-07
882 1.445300e-07
883 1.441798e-07
884 1.450393e-07
885 1.455721e-07
886 1.449080e-07
887 1.421261e-07
888 1.367217e-07
889 1.303195e-07
890 1.263182e-07
891 1.265109e-07
892 1.288129e-07
893 1.296319e-07
894 1.280891e-07
895 1.265555e-07
896 1.271162e-07
897 1.291065e-07
898 1.307699e-07
899 1.319930e-07
900 1.340900e-07
901 1.374418e-07
902 1.406517e-07
903 1.420775e-07
904 1.413239e-07
905 1.391887e-07
906 1.369945e-07
907 1.360840e-07
908 1.369660e-07
909 1.384648e-07
910 1.385266e-07
911 1.365359e-07
912 1.341869e-07
913 1.333001e-07
914 1.334915e-07
915 1.332456e-07
916 1.328711e-07
917 1.345477e-07
918 1.388193e-07
919 1.426857e-07
920 1.427726e-07
921 1.397035e-07
922 1.375013e-07
923 1.384341e-07
924 1.400374e-07
925 1.382174e-07
926 1.323887e-07
927 1.262948e-07
928 1.239335e-07
929 1.256607e-07
930 1.283898e-07
931 1.287338e-07
932 1.255488e-07
933 1.201599e-07
934 1.150280e-07
935 1.122298e-07
936 1.125337e-07
937 1.153061e-07
938 1.191064e-07
939 1.225307e-07
940 1.248553e-07
941 1.261516e-07
942 1.267053e-07
943 1.261470e-07
944 1.234418e-07
945 1.183515e-07
946 1.128431e-07
947 1.099901e-07
948 1.107026e-07
949 1.122087e-07
950 1.110074e-07
951 1.072607e-07
952 1.049060e-07
953 1.068390e-07
954 1.112048e-07
955 1.137485e-07
956 1.132461e-07
957 1.129017e-07
958 1.159578e-07
959 1.213087e-07
960 1.246357e-07
961 1.233702e-07
962 1.193576e-07
963 1.164873e-07
964 1.165630e-07
965 1.179769e-07
966 1.179523e-07
967 1.154499e-07
968 1.118582e-07
969 1.092930e-07
970 1.086002e-07
971 1.090674e-07
972 1.097622e-07
973 1.106005e-07
974 1.118260e-07
975 1.129016e-07
976 1.127452e-07
977 1.112670e-07
978 1.099750e-07
979 1.103651e-07
980 1.118675e-07
981 1.120153e-07
982 1.088235e-07
983 1.027069e-07
984 9.603365e-08
985 9.121597e-08
986 8.935518e-08
987 9.012887e-08
988 9.228260e-08
989 9.425038e-08
990 9.493160e-08
991 9.434031e-08
992 9.351776e-08
993 9.368063e-08
994 9.533822e-08
995 9.800173e-08
996 1.004544e-07
997 1.013632e-07
998 1.001122e-07
999 9.738695e-08
1000 9.477261e-08
1001 9.340397e-08
1002 9.296437e-08
1003 9.218877e-08
1004 9.029806e-08
1005 8.772129e-08
1006 8.550110e-08
1007 8.438564e-08
1008 8.455896e-08
1009 8.574743e-08
1010 8.721251e-08
1011 8.802246e-08
1012 8.797923e-08
1013 8.821105e-08
1014 9.014106e-08
1015 9.355507e-08
1016 9.621947e-08
1017 9.600879e-08
1018 9.325723e-08
1019 9.049113e-08
1020 8.979773e-08
1021 9.085390e-08
1022 9.163625e-08
1023 9.064459e-08
1024 8.816436e-08
1025 8.564877e-08
1026 8.426735e-08
1027 8.401683e-08
1028 8.392517e-08
1029 8.301371e-08
1030 8.118846e-08
1031 7.928473e-08
1032 7.823899e-08
1033 7.823593e-08
1034 7.864485e-08
1035 7.862715e-08
1036 7.776117e-08
1037 7.634322e-08
1038 7.531665e-08
1039 7.566641e-08
1040 7.741496e-08
1041 7.923706e-08
1042 7.957405e-08
1043 7.836313e-08
1044 7.731206e-08
1045 7.813337e-08
1046 8.069095e-08
1047 8.314776e-08
1048 8.379166e-08
1049 8.250471e-08
1050 8.066859e-08
1051 7.994276e-08
1052 8.089652e-08
1053 8.238858e-08
1054 8.241821e-08
1055 8.011910e-08
1056 7.691123e-08
1057 7.513115e-08
1058 7.548945e-08
1059 7.655482e-08
1060 7.690335e-08
1061 7.684389e-08
1062 7.738066e-08
1063 7.837851e-08
1064 7.902930e-08
1065 7.976736e-08
1066 8.209592e-08
1067 8.600896e-08
1068 8.891495e-08
1069 8.824132e-08
1070 8.448138e-08
1071 8.056421e-08
1072 7.851696e-08
1073 7.784293e-08
1074 7.709182e-08
1075 7.573494e-08
1076 7.400392e-08
1077 7.197269e-08
1078 6.978383e-08
1079 6.824280e-08
1080 6.812743e-08
1081 6.897522e-08
1082 6.944504e-08
1083 6.904016e-08
1084 6.869479e-08
1085 6.928186e-08
1086 7.022147e-08
1087 7.024272e-08
1088 6.917326e-08
1089 6.819507e-08
1090 6.828584e-08
1091 6.908570e-08
1092 6.962532e-08
1093 6.965807e-08
1094 6.969989e-08
1095 6.992199e-08
1096 6.966430e-08
1097 6.833807e-08
1098 6.645666e-08
1099 6.533778e-08
1100 6.578221e-08
1101 6.731317e-08
1102 6.879312e-08
1103 6.960476e-08
1104 7.010113e-08
1105 7.098877e-08
1106 7.239532e-08
1107 7.357336e-08
1108 7.359762e-08
1109 7.246786e-08
1110 7.139629e-08
1111 7.161917e-08
1112 7.280680e-08
1113 7.314513e-08
1114 7.147935e-08
1115 6.904643e-08
1116 6.828159e-08
1117 6.982847e-08
1118 7.161601e-08
1119 7.147422e-08
1120 7.001543e-08
1121 6.994402e-08
1122 7.261962e-08
1123 7.627204e-08
1124 7.795312e-08
1125 7.656676e-08
1126 7.349711e-08
1127 7.082484e-08
1128 6.964340e-08
1129 6.980715e-08
1130 7.040960e-08
1131 7.029644e-08
1132 6.879567e-08
1133 6.645783e-08
1134 6.480763e-08
1135 6.493855e-08
1136 6.641499e-08
1137 6.781456e-08
1138 6.826952e-08
1139 6.820295e-08
1140 6.855646e-08
1141 6.956677e-08
1142 7.043472e-08
1143 7.009559e-08
1144 6.823707e-08
1145 6.560081e-08
1146 6.332912e-08
1147 6.203263e-08
1148 6.153395e-08
1149 6.146835e-08
1150 6.186533e-08
1151 6.291001e-08
1152 6.429987e-08
1153 6.526411e-08
1154 6.536572e-08
1155 6.500188e-08
1156 6.488993e-08
1157 6.524945e-08
1158 6.577872e-08
1159 6.632786e-08
1160 6.719448e-08
1161 6.860621e-08
1162 7.016041e-08
1163 7.103934e-08
1164 7.075983e-08
1165 6.959573e-08
1166 6.834466e-08
1167 6.783287e-08
1168 6.853146e-08
1169 7.027494e-08
1170 7.215457e-08
1171 7.297127e-08
1172 7.224307e-08
1173 7.080185e-08
1174 6.999205e-08
1175 7.007715e-08
1176 6.980806e-08
1177 6.799206e-08
1178 6.523582e-08
1179 6.344617e-08
1180 6.351040e-08
1181 6.420247e-08
1182 6.387929e-08
1183 6.266866e-08
1184 6.208135e-08
1185 6.264147e-08
1186 6.301156e-08
1187 6.193420e-08
1188 6.020547e-08
1189 5.983077e-08
1190 6.150680e-08
1191 6.378493e-08
1192 6.477517e-08
1193 6.398013e-08
1194 6.228611e-08
1195 6.084015e-08
1196 6.035260e-08
1197 6.096014e-08
1198 6.210861e-08
1199 6.277310e-08
1200 6.239661e-08
1201 6.160329e-08
1202 6.151978e-08
1203 6.237395e-08
1204 6.323803e-08
1205 6.322531e-08
1206 6.241082e-08
1207 6.137579e-08
1208 6.042459e-08
1209 5.971331e-08
1210 5.967378e-08
1211 6.056384e-08
1212 6.171828e-08
1213 6.201268e-08
1214 6.126747e-08
1215 6.056952e-08
1216 6.085181e-08
1217 6.167458e-08
1218 6.194200e-08
1219 6.143933e-08
1220 6.089582e-08
1221 6.058216e-08
1222 5.970003e-08
1223 5.762267e-08
1224 5.522124e-08
1225 5.425215e-08
1226 5.542750e-08
1227 5.756306e-08
1228 5.880297e-08
1229 5.842467e-08
1230 5.729864e-08
1231 5.679682e-08
1232 5.747286e-08
1233 5.874110e-08
1234 5.963227e-08
1235 5.978608e-08
1236 5.973581e-08
1237 6.022935e-08
1238 6.131782e-08
1239 6.222390e-08
1240 6.215180e-08
1241 6.110773e-08
1242 5.982511e-08
1243 5.901591e-08
1244 5.887330e-08
1245 5.920834e-08
1246 5.976235e-08
1247 6.027405e-08
1248 6.046791e-08
1249 6.021086e-08
1250 5.965901e-08
1251 5.914828e-08
1252 5.899287e-08
1253 5.943138e-08
1254 6.057560e-08
1255 6.218772e-08
1256 6.360808e-08
1257 6.422721e-08
1258 6.410319e-08
1259 6.386601e-08
1260 6.391664e-08
1261 6.398431e-08
1262 6.366584e-08
1263 6.314305e-08
1264 6.299240e-08
1265 6.335217e-08
1266 6.366680e-08
1267 6.335911e-08
1268 6.247038e-08
1269 6.148319e-08
1270 6.075152e-08
1271 6.034136e-08
1272 6.026883e-08
1273 6.058019e-08
1274 6.116926e-08
1275 6.169675e-08
1276 6.176172e-08
1277 6.113311e-08
1278 5.991978e-08
1279 5.864319e-08
1280 5.798550e-08
1281 5.815776e-08
1282 5.852171e-08
1283 5.815419e-08
1284 5.689485e-08
1285 5.557063e-08
1286 5.504891e-08
1287 5.536853e-08
1288 5.603827e-08
1289 5.683837e-08
1290 5.782280e-08
1291 5.866951e-08
1292 5.867221e-08
1293 5.762299e-08
1294 5.626945e-08
1295 5.553346e-08
1296 5.553589e-08
1297 5.574148e-08
1298 5.582655e-08
1299 5.589281e-08
1300 5.584797e-08
1301 5.515876e-08
1302 5.355133e-08
1303 5.163799e-08
1304 5.043310e-08
1305 5.028552e-08
1306 5.057647e-08
1307 5.051337e-08
1308 4.999244e-08
1309 4.957611e-08
1310 4.977466e-08
1311 5.049060e-08
1312 5.112552e-08
1313 5.112141e-08
1314 5.039370e-08
1315 4.934244e-08
1316 4.853637e-08
1317 4.838020e-08
1318 4.895760e-08
1319 5.001017e-08
1320 5.100767e-08
1321 5.139390e-08
1322 5.097236e-08
1323 5.009442e-08
1324 4.936248e-08
1325 4.909881e-08
1326 4.915891e-08
1327 4.924568e-08
1328 4.925907e-08
1329 4.926848e-08
1330 4.929487e-08
1331 4.929164e-08
1332 4.929284e-08
1333 4.939732e-08
1334 4.955900e-08
1335 4.954084e-08
1336 4.916650e-08
1337 4.853872e-08
1338 4.791915e-08
1339 4.742961e-08
1340 4.698960e-08
1341 4.655682e-08
1342 4.632679e-08
1343 4.660596e-08
1344 4.745554e-08
1345 4.849813e-08
1346 4.914636e-08
1347 4.910674e-08
1348 4.868792e-08
1349 4.853639e-08
1350 4.898707e-08
1351 4.967451e-08
1352 4.984763e-08
1353 4.907680e-08
1354 4.761944e-08
1355 4.614984e-08
1356 4.524707e-08
1357 4.515102e-08
1358 4.579746e-08
1359 4.686418e-08
1360 4.782646e-08
1361 4.819819e-08
1362 4.786996e-08
1363 4.716617e-08
1364 4.652984e-08
1365 4.622649e-08
1366 4.634809e-08
1367 4.690427e-08
1368 4.773599e-08
1369 4.846921e-08
1370 4.880689e-08
1371 4.885371e-08
1372 4.891736e-08
1373 4.897450e-08
1374 4.866335e-08
1375 4.796260e-08
1376 4.753614e-08
1377 4.799328e-08
1378 4.891667e-08
1379 4.909992e-08
1380 4.787744e-08
1381 4.588884e-08
1382 4.434324e-08
1383 4.380614e-08
1384 4.396259e-08
1385 4.429727e-08
1386 4.457589e-08
1387 4.470436e-08
1388 4.455439e-08
1389 4.411723e-08
1390 4.360197e-08
1391 4.323071e-08
1392 4.306577e-08
1393 4.311612e-08
1394 4.341555e-08
1395 4.385431e-08
1396 4.413166e-08
1397 4.405936e-08
1398 4.377412e-08
1399 4.345761e-08
1400 4.299910e-08
1401 4.223379e-08
1402 4.143256e-08
1403 4.119790e-08
1404 4.178968e-08
1405 4.280683e-08
1406 4.362102e-08
1407 4.387734e-08
1408 4.348812e-08
1409 4.248914e-08
1410 4.119649e-08
1411 4.025247e-08
1412 4.010247e-08
1413 4.047059e-08
1414 4.069546e-08
1415 4.060385e-08
1416 4.068851e-08
1417 4.131070e-08
1418 4.208605e-08
1419 4.233332e-08
1420 4.193677e-08
1421 4.145675e-08
1422 4.145618e-08
1423 4.197081e-08
1424 4.260700e-08
1425 4.291130e-08
1426 4.263158e-08
1427 4.189931e-08
1428 4.127840e-08
1429 4.139414e-08
1430 4.226632e-08
1431 4.309338e-08
1432 4.294469e-08
1433 4.170914e-08
1434 4.021618e-08
1435 3.936989e-08
1436 3.928630e-08
1437 3.935543e-08
1438 3.901536e-08
1439 3.829205e-08
1440 3.760440e-08
1441 3.725954e-08
1442 3.728425e-08
1443 3.764710e-08
1444 3.842070e-08
1445 3.963045e-08
1446 4.105927e-08
1447 4.230873e-08
1448 4.301993e-08
1449 4.299511e-08
1450 4.221225e-08
1451 4.089701e-08
1452 3.954073e-08
1453 3.861938e-08
1454 3.818587e-08
1455 3.785517e-08
1456 3.730178e-08
1457 3.666534e-08
1458 3.634501e-08
1459 3.650688e-08
1460 3.697581e-08
1461 3.754073e-08
1462 3.811034e-08
1463 3.853455e-08
1464 3.854487e-08
1465 3.807507e-08
1466 3.750034e-08
1467 3.732494e-08
1468 3.764211e-08
1469 3.804930e-08
1470 3.810688e-08
1471 3.774728e-08
1472 3.721508e-08
1473 3.675667e-08
1474 3.644752e-08
1475 3.623937e-08
1476 3.607703e-08
1477 3.597848e-08
1478 3.603000e-08
1479 3.626129e-08
1480 3.650715e-08
1481 3.647501e-08
1482 3.603696e-08
1483 3.542797e-08
1484 3.508123e-08
1485 3.524707e-08
1486 3.578026e-08
1487 3.627379e-08
1488 3.636899e-08
1489 3.599035e-08
1490 3.534804e-08
1491 3.470624e-08
1492 3.413319e-08
1493 3.352443e-08
1494 3.290752e-08
1495 3.259071e-08
1496 3.282226e-08
1497 3.333503e-08
1498 3.347555e-08
1499 3.292656e-08
1500 3.214027e-08
1501 3.185373e-08
1502 3.222682e-08
1503 3.266701e-08
1504 3.254383e-08
1505 3.188853e-08
1506 3.128691e-08
1507 3.120450e-08
1508 3.158143e-08
1509 3.205753e-08
1510 3.240383e-08
1511 3.264468e-08
1512 3.285472e-08
1513 3.300918e-08
1514 3.309328e-08
1515 3.323818e-08
1516 3.358828e-08
1517 3.401439e-08
1518 3.412276e-08
1519 3.369169e-08
1520 3.303564e-08
1521 3.275497e-08
1522 3.309710e-08
1523 3.371632e-08
1524 3.410703e-08
1525 3.411743e-08
1526 3.391229e-08
1527 3.359221e-08
1528 3.309130e-08
1529 3.239718e-08
1530 3.165214e-08
1531 3.099127e-08
1532 3.047351e-08
1533 3.024980e-08
1534 3.057783e-08
1535 3.151105e-08
1536 3.268377e-08
1537 3.357338e-08
1538 3.393346e-08
1539 3.386145e-08
1540 3.356130e-08
1541 3.320985e-08
1542 3.296307e-08
1543 3.283484e-08
1544 3.257614e-08
1545 3.194427e-08
1546 3.115404e-08
1547 3.081628e-08
1548 3.126523e-08
1549 3.214598e-08
1550 3.285585e-08
1551 3.320870e-08
1552 3.344835e-08
1553 3.374258e-08
1554 3.398183e-08
1555 3.406709e-08
1556 3.408906e-08
1557 3.415396e-08
1558 3.424355e-08
1559 3.431584e-08
1560 3.434709e-08
1561 3.421246e-08
1562 3.376296e-08
1563 3.312119e-08
1564 3.264717e-08
1565 3.245144e-08
1566 3.222271e-08
1567 3.176450e-08
1568 3.140155e-08
1569 3.147900e-08
1570 3.169609e-08
1571 3.150620e-08
1572 3.109835e-08
1573 3.129765e-08
1574 3.229448e-08
1575 3.311511e-08
1576 3.285451e-08
1577 3.196718e-08
1578 3.166218e-08
1579 3.223719e-08
1580 3.274055e-08
1581 3.233853e-08
1582 3.132418e-08
1583 3.049250e-08
1584 3.009111e-08
1585 2.985895e-08
1586 2.973082e-08
1587 2.993969e-08
1588 3.054428e-08
1589 3.131555e-08
1590 3.206970e-08
1591 3.272200e-08
1592 3.303822e-08
1593 3.279002e-08
1594 3.223199e-08
1595 3.197751e-08
1596 3.217660e-08
1597 3.219908e-08
1598 3.145997e-08
1599 3.025880e-08
1600 2.941726e-08
1601 2.926660e-08
1602 2.943055e-08
1603 2.953247e-08
1604 2.962559e-08
1605 2.985479e-08
1606 3.014190e-08
1607 3.044627e-08
1608 3.099164e-08
1609 3.189534e-08
1610 3.280255e-08
1611 3.324872e-08
1612 3.328894e-08
1613 3.340598e-08
1614 3.378654e-08
1615 3.404950e-08
1616 3.379899e-08
1617 3.315219e-08
1618 3.251737e-08
1619 3.204956e-08
1620 3.158529e-08
1621 3.101801e-08
1622 3.048196e-08
1623 3.014463e-08
1624 2.999835e-08
1625 2.992496e-08
1626 2.985592e-08
1627 2.982066e-08
1628 2.991201e-08
1629 3.021394e-08
1630 3.068000e-08
1631 3.107725e-08
1632 3.116860e-08
1633 3.099270e-08
1634 3.082706e-08
1635 3.079633e-08
1636 3.065768e-08
1637 3.012312e-08
1638 2.931505e-08
1639 2.870698e-08
1640 2.861303e-08
1641 2.890721e-08
1642 2.926290e-08
1643 2.947855e-08
1644 2.949000e-08
1645 2.927447e-08
1646 2.895031e-08
1647 2.885283e-08
1648 2.923054e-08
1649 2.984728e-08
1650 3.012918e-08
1651 2.980465e-08
1652 2.922081e-08
1653 2.887447e-08
1654 2.879775e-08
1655 2.865226e-08
1656 2.833191e-08
1657 2.816044e-08
1658 2.839570e-08
1659 2.880772e-08
1660 2.899510e-08
1661 2.896663e-08
1662 2.911233e-08
1663 2.957290e-08
1664 2.992639e-08
1665 2.970736e-08
1666 2.908874e-08
1667 2.879931e-08
1668 2.933094e-08
1669 3.040614e-08
1670 3.131021e-08
1671 3.160549e-08
1672 3.139278e-08
1673 3.097131e-08
1674 3.049413e-08
1675 3.001882e-08
1676 2.968694e-08
1677 2.964666e-08
1678 2.982018e-08
1679 2.994599e-08
1680 2.991026e-08
1681 2.990971e-08
1682 3.020184e-08
1683 3.076837e-08
1684 3.134667e-08
1685 3.173716e-08
1686 3.194111e-08
1687 3.199684e-08
1688 3.182868e-08
1689 3.136776e-08
1690 3.074129e-08
1691 3.022651e-08
1692 3.000047e-08
1693 2.996980e-08
1694 2.985505e-08
1695 2.941828e-08
1696 2.866311e-08
1697 2.788357e-08
1698 2.748366e-08
1699 2.765071e-08
1700 2.814669e-08
1701 2.846908e-08
1702 2.828090e-08
1703 2.769052e-08
1704 2.711851e-08
1705 2.691306e-08
1706 2.708306e-08
1707 2.734413e-08
1708 2.737916e-08
1709 2.708405e-08
1710 2.661721e-08
1711 2.622352e-08
1712 2.600567e-08
1713 2.587792e-08
1714 2.573331e-08
1715 2.560790e-08
1716 2.565161e-08
1717 2.597324e-08
1718 2.654057e-08
1719 2.719246e-08
1720 2.771167e-08
1721 2.794507e-08
1722 2.794240e-08
1723 2.794010e-08
1724 2.812042e-08
1725 2.840655e-08
1726 2.859015e-08
1727 2.864977e-08
1728 2.876355e-08
1729 2.894958e-08
1730 2.890040e-08
1731 2.835479e-08
1732 2.754483e-08
1733 2.703317e-08
1734 2.708025e-08
1735 2.739251e-08
1736 2.757311e-08
1737 2.763256e-08
1738 2.788485e-08
1739 2.843187e-08
1740 2.897383e-08
1741 2.915880e-08
1742 2.896314e-08
1743 2.866462e-08
1744 2.852245e-08
1745 2.855182e-08
1746 2.857135e-08
1747 2.839594e-08
1748 2.800139e-08
1749 2.754393e-08
1750 2.720970e-08
1751 2.703979e-08
1752 2.692098e-08
1753 2.676681e-08
1754 2.667155e-08
1755 2.683884e-08
1756 2.737132e-08
1757 2.815120e-08
1758 2.891664e-08
1759 2.942244e-08
1760 2.955220e-08
1761 2.935242e-08
1762 2.899023e-08
1763 2.866241e-08
1764 2.848378e-08
1765 2.841444e-08
1766 2.829500e-08
1767 2.797893e-08
1768 2.750015e-08
1769 2.712583e-08
1770 2.717497e-08
1771 2.773648e-08
1772 2.857167e-08
1773 2.932952e-08
1774 2.982998e-08
1775 3.007470e-08
1776 3.005231e-08
1777 2.968692e-08
1778 2.901712e-08
1779 2.829231e-08
1780 2.775714e-08
1781 2.739942e-08
1782 2.704242e-08
1783 2.666178e-08
1784 2.646347e-08
1785 2.659435e-08
1786 2.690190e-08
1787 2.708315e-08
1788 2.701843e-08
1789 2.686088e-08
1790 2.680234e-08
1791 2.685716e-08
1792 2.688822e-08
1793 2.678245e-08
1794 2.658604e-08
1795 2.648083e-08
1796 2.664585e-08
1797 2.707401e-08
1798 2.749282e-08
1799 2.756409e-08
1800 2.721044e-08
1801 2.672171e-08
1802 2.646767e-08
1803 2.649814e-08
1804 2.653008e-08
1805 2.632601e-08
1806 2.597924e-08
1807 2.575756e-08
1808 2.571888e-08
1809 2.563161e-08
1810 2.531585e-08
1811 2.494402e-08
1812 2.489801e-08
1813 2.534436e-08
1814 2.604103e-08
1815 2.661234e-08
1816 2.692588e-08
1817 2.711148e-08
1818 2.726207e-08
1819 2.722968e-08
1820 2.681352e-08
1821 2.609398e-08
1822 2.545377e-08
1823 2.524307e-08
1824 2.544636e-08
1825 2.573605e-08
1826 2.582317e-08
1827 2.568880e-08
1828 2.551094e-08
1829 2.544142e-08
1830 2.553229e-08
1831 2.580736e-08
1832 2.627162e-08
1833 2.683541e-08
1834 2.729588e-08
1835 2.750584e-08
1836 2.751134e-08
1837 2.743255e-08
1838 2.725642e-08
1839 2.683988e-08
1840 2.619155e-08
1841 2.560420e-08
1842 2.536073e-08
1843 2.538597e-08
1844 2.531496e-08
1845 2.495600e-08
1846 2.451872e-08
1847 2.428390e-08
1848 2.422592e-08
1849 2.412335e-08
1850 2.399225e-08
1851 2.414488e-08
1852 2.471303e-08
1853 2.533250e-08
1854 2.549775e-08
1855 2.516377e-08
1856 2.477751e-08
1857 2.470139e-08
1858 2.480811e-08
1859 2.474356e-08
1860 2.441741e-08
1861 2.403383e-08
1862 2.375190e-08
1863 2.353704e-08
1864 2.338511e-08
1865 2.347725e-08
1866 2.392076e-08
1867 2.449055e-08
1868 2.479382e-08
1869 2.468154e-08
1870 2.438233e-08
1871 2.417070e-08
1872 2.409979e-08
1873 2.411543e-08
1874 2.425928e-08
1875 2.462456e-08
1876 2.509927e-08
1877 2.537159e-08
1878 2.527562e-08
1879 2.499007e-08
1880 2.483597e-08
1881 2.488572e-08
1882 2.488745e-08
1883 2.460746e-08
1884 2.411453e-08
1885 2.370582e-08
1886 2.359361e-08
1887 2.373579e-08
1888 2.398400e-08
1889 2.426867e-08
1890 2.458237e-08
1891 2.482778e-08
1892 2.480883e-08
1893 2.445965e-08
1894 2.402003e-08
1895 2.388116e-08
1896 2.419301e-08
1897 2.468261e-08
1898 2.490166e-08
1899 2.463534e-08
1900 2.406497e-08
1901 2.352747e-08
1902 2.320987e-08
1903 2.306649e-08
1904 2.294458e-08
1905 2.278089e-08
1906 2.264487e-08
1907 2.265590e-08
1908 2.284970e-08
1909 2.308179e-08
1910 2.313919e-08
1911 2.293477e-08
1912 2.259334e-08
1913 2.232319e-08
1914 2.219222e-08
1915 2.211645e-08
1916 2.202470e-08
1917 2.196257e-08
1918 2.201437e-08
1919 2.217358e-08
1920 2.237383e-08
1921 2.259619e-08
1922 2.287336e-08
1923 2.318557e-08
1924 2.341300e-08
1925 2.343623e-08
1926 2.324151e-08
1927 2.292477e-08
1928 2.262573e-08
1929 2.246514e-08
1930 2.250560e-08
1931 2.270176e-08
1932 2.290478e-08
1933 2.297715e-08
1934 2.290414e-08
1935 2.278658e-08
1936 2.273230e-08
1937 2.277043e-08
1938 2.287883e-08
1939 2.302518e-08
1940 2.314394e-08
1941 2.313681e-08
1942 2.293002e-08
1943 2.255349e-08
1944 2.215035e-08
1945 2.187673e-08
1946 2.181133e-08
1947 2.192555e-08
1948 2.209593e-08
1949 2.218209e-08
1950 2.213528e-08
1951 2.204289e-08
1952 2.206154e-08
1953 2.225175e-08
1954 2.248692e-08
1955 2.260038e-08
1956 2.255305e-08
1957 2.247450e-08
1958 2.251837e-08
1959 2.262868e-08
1960 2.258744e-08
1961 2.222407e-08
1962 2.162409e-08
1963 2.114240e-08
1964 2.105085e-08
1965 2.128561e-08
1966 2.149892e-08
1967 2.140959e-08
1968 2.112259e-08
1969 2.095559e-08
1970 2.105294e-08
1971 2.123217e-08
1972 2.125726e-08
1973 2.117005e-08
1974 2.123709e-08
1975 2.159365e-08
1976 2.205917e-08
1977 2.238900e-08
1978 2.250346e-08
1979 2.249302e-08
1980 2.239997e-08
1981 2.212973e-08
1982 2.169841e-08
1983 2.126107e-08
1984 2.097642e-08
1985 2.081400e-08
1986 2.055165e-08
1987 2.012337e-08
1988 1.970435e-08
1989 1.957356e-08
1990 1.987718e-08
1991 2.047347e-08
1992 2.110792e-08
1993 2.157689e-08
1994 2.179409e-08
1995 2.179398e-08
1996 2.164519e-08
1997 2.143987e-08
1998 2.131505e-08
1999 2.135374e-08
2000 2.150677e-08
2001 2.158599e-08
2002 2.137277e-08
2003 2.087211e-08
2004 2.028790e-08
2005 1.983367e-08
2006 1.959346e-08
2007 1.949707e-08
2008 1.951768e-08
2009 1.967698e-08
2010 1.991734e-08
2011 2.012155e-08
2012 2.020714e-08
2013 2.024605e-08
2014 2.037661e-08
2015 2.060374e-08
2016 2.082834e-08
2017 2.100334e-08
2018 2.116098e-08
2019 2.132545e-08
2020 2.138596e-08
2021 2.120176e-08
2022 2.081303e-08
2023 2.039954e-08
2024 2.014303e-08
2025 2.007288e-08
2026 2.008473e-08
2027 2.010207e-08
2028 2.010288e-08
2029 2.011537e-08
2030 2.015585e-08
2031 2.019667e-08
2032 2.022115e-08
2033 2.027403e-08
2034 2.046656e-08
2035 2.084106e-08
2036 2.124029e-08
2037 2.137086e-08
2038 2.108220e-08
2039 2.055899e-08
2040 2.013675e-08
2041 1.996373e-08
2042 1.986028e-08
2043 1.957041e-08
2044 1.909424e-08
2045 1.865075e-08
2046 1.846697e-08
2047 1.858439e-08
2048 1.890725e-08
2049 1.935919e-08
2050 1.982145e-08
2051 2.015104e-08
2052 2.022522e-08
2053 2.006234e-08
2054 1.990091e-08
2055 1.994275e-08
2056 2.021534e-08
2057 2.051354e-08
2058 2.057963e-08
2059 2.038235e-08
2060 2.009094e-08
2061 1.990874e-08
2062 1.985469e-08
2063 1.975036e-08
2064 1.951761e-08
2065 1.930786e-08
2066 1.934597e-08
2067 1.967335e-08
2068 2.005866e-08
2069 2.029647e-08
2070 2.043414e-08
2071 2.063086e-08
2072 2.092350e-08
2073 2.116576e-08
2074 2.122423e-08
2075 2.116807e-08
2076 2.112515e-08
2077 2.109426e-08
2078 2.106030e-08
2079 2.101788e-08
2080 2.108157e-08
2081 2.126974e-08
2082 2.138311e-08
2083 2.130263e-08
2084 2.098723e-08
2085 2.061159e-08
2086 2.036064e-08
2087 2.029376e-08
2088 2.046121e-08
2089 2.075944e-08
2090 2.103023e-08
2091 2.109774e-08
2092 2.093634e-08
2093 2.072449e-08
2094 2.066855e-08
2095 2.082099e-08
2096 2.103741e-08
2097 2.118203e-08
2098 2.117256e-08
2099 2.104768e-08
2100 2.086115e-08
2101 2.064522e-08
2102 2.047256e-08
2103 2.037649e-08
2104 2.035024e-08
2105 2.036052e-08
2106 2.032554e-08
2107 2.025460e-08
2108 2.022320e-08
2109 2.030631e-08
2110 2.051352e-08
2111 2.069112e-08
2112 2.071956e-08
2113 2.061946e-08
2114 2.056848e-08
2115 2.064035e-08
2116 2.073773e-08
2117 2.073470e-08
2118 2.070989e-08
2119 2.092628e-08
2120 2.139945e-08
2121 2.180966e-08
2122 2.176473e-08
2123 2.125919e-08
2124 2.076727e-08
2125 2.075331e-08
2126 2.120878e-08
2127 2.173881e-08
2128 2.195258e-08
2129 2.190689e-08
2130 2.193497e-08
2131 2.222127e-08
2132 2.256290e-08
2133 2.262410e-08
2134 2.238225e-08
2135 2.217545e-08
2136 2.235655e-08
2137 2.274308e-08
2138 2.294807e-08
2139 2.274779e-08
2140 2.239421e-08
2141 2.223881e-08
2142 2.220743e-08
2143 2.201098e-08
2144 2.154050e-08
2145 2.105159e-08
2146 2.082855e-08
2147 2.079665e-08
2148 2.068676e-08
2149 2.044331e-08
2150 2.028875e-08
2151 2.047526e-08
2152 2.098693e-08
2153 2.162931e-08
2154 2.213036e-08
2155 2.240380e-08
2156 2.240892e-08
2157 2.228317e-08
2158 2.216400e-08
2159 2.204462e-08
2160 2.183243e-08
2161 2.143095e-08
2162 2.098364e-08
2163 2.076342e-08
2164 2.087614e-08
2165 2.118757e-08
2166 2.143092e-08
2167 2.151026e-08
2168 2.151035e-08
2169 2.161479e-08
2170 2.182782e-08
2171 2.199768e-08
2172 2.197417e-08
2173 2.173888e-08
2174 2.159089e-08
2175 2.173596e-08
2176 2.220826e-08
2177 2.274562e-08
2178 2.306268e-08
2179 2.310204e-08
2180 2.292679e-08
2181 2.272126e-08
2182 2.256331e-08
2183 2.256141e-08
2184 2.263399e-08
2185 2.261630e-08
2186 2.237149e-08
2187 2.195325e-08
2188 2.167170e-08
2189 2.165769e-08
2190 2.177805e-08
2191 2.176180e-08
2192 2.150371e-08
2193 2.116459e-08
2194 2.092191e-08
2195 2.072964e-08
2196 2.049707e-08
2197 2.025734e-08
2198 2.015531e-08
2199 2.036318e-08
2200 2.067818e-08
2201 2.088183e-08
2202 2.081840e-08
2203 2.058599e-08
2204 2.035881e-08
2205 2.013518e-08
2206 1.981493e-08
2207 1.941997e-08
2208 1.909757e-08
2209 1.902148e-08
2210 1.909684e-08
2211 1.917880e-08
2212 1.919148e-08
2213 1.926384e-08
2214 1.946125e-08
2215 1.963242e-08
2216 1.964517e-08
2217 1.947877e-08
2218 1.932190e-08
2219 1.933112e-08
2220 1.941963e-08
2221 1.951177e-08
2222 1.951842e-08
2223 1.945082e-08
2224 1.936018e-08
2225 1.921555e-08
2226 1.906445e-08
2227 1.894842e-08
2228 1.886660e-08
2229 1.883567e-08
2230 1.885768e-08
2231 1.899515e-08
2232 1.931541e-08
2233 1.968094e-08
2234 1.992103e-08
2235 1.982898e-08
2236 1.948950e-08
2237 1.910623e-08
2238 1.889849e-08
2239 1.887987e-08
2240 1.897278e-08
2241 1.913575e-08
2242 1.936773e-08
2243 1.963676e-08
2244 1.979303e-08
2245 1.978333e-08
2246 1.967090e-08
2247 1.959991e-08
2248 1.957398e-08
2249 1.947654e-08
2250 1.923002e-08
2251 1.889879e-08
2252 1.865079e-08
2253 1.857363e-08
2254 1.868102e-08
2255 1.885096e-08
2256 1.896036e-08
2257 1.891713e-08
2258 1.875972e-08
2259 1.863083e-08
2260 1.863585e-08
2261 1.873039e-08
2262 1.882985e-08
2263 1.887274e-08
2264 1.889940e-08
2265 1.896446e-08
2266 1.907146e-08
2267 1.922075e-08
2268 1.937042e-08
2269 1.937366e-08
2270 1.916153e-08
2271 1.877154e-08
2272 1.844662e-08
2273 1.838235e-08
2274 1.850084e-08
2275 1.866709e-08
2276 1.881708e-08
2277 1.904323e-08
2278 1.942443e-08
2279 1.980582e-08
2280 2.006294e-08
2281 2.016380e-08
2282 2.019894e-08
2283 2.024402e-08
2284 2.028397e-08
2285 2.032967e-08
2286 2.040589e-08
2287 2.047331e-08
2288 2.043828e-08
2289 2.025845e-08
2290 2.001413e-08
2291 1.977678e-08
2292 1.953984e-08
2293 1.920895e-08
2294 1.883820e-08
2295 1.857433e-08
2296 1.850503e-08
2297 1.858661e-08
2298 1.868512e-08
2299 1.877858e-08
2300 1.892777e-08
2301 1.913108e-08
2302 1.931256e-08
2303 1.936930e-08
2304 1.931571e-08
2305 1.924376e-08
2306 1.925767e-08
2307 1.930911e-08
2308 1.927717e-08
2309 1.900908e-08
2310 1.852497e-08
2311 1.803389e-08
2312 1.772012e-08
2313 1.758689e-08
2314 1.744570e-08
2315 1.718700e-08
2316 1.693349e-08
2317 1.686293e-08
2318 1.696531e-08
2319 1.708065e-08
2320 1.709484e-08
2321 1.709833e-08
2322 1.714625e-08
2323 1.719873e-08
2324 1.716596e-08
2325 1.713134e-08
2326 1.726539e-08
2327 1.754625e-08
2328 1.781705e-08
2329 1.785875e-08
2330 1.768270e-08
2331 1.738998e-08
2332 1.707562e-08
2333 1.685043e-08
2334 1.681264e-08
2335 1.696179e-08
2336 1.716028e-08
2337 1.718482e-08
2338 1.703686e-08
2339 1.687176e-08
2340 1.680351e-08
2341 1.682864e-08
2342 1.687755e-08
2343 1.698252e-08
2344 1.714611e-08
2345 1.718467e-08
2346 1.693631e-08
2347 1.643381e-08
2348 1.597947e-08
2349 1.580187e-08
2350 1.580733e-08
2351 1.580254e-08
2352 1.570082e-08
2353 1.567634e-08
2354 1.580090e-08
2355 1.595082e-08
2356 1.588754e-08
2357 1.555014e-08
2358 1.514772e-08
2359 1.491457e-08
2360 1.495129e-08
2361 1.512513e-08
2362 1.529942e-08
2363 1.541634e-08
2364 1.553441e-08
2365 1.565690e-08
2366 1.569692e-08
2367 1.555732e-08
2368 1.529119e-08
2369 1.508377e-08
2370 1.509585e-08
2371 1.526334e-08
2372 1.539446e-08
2373 1.541114e-08
2374 1.541510e-08
2375 1.563712e-08
2376 1.606035e-08
2377 1.646691e-08
2378 1.661974e-08
2379 1.644660e-08
2380 1.621659e-08
2381 1.606685e-08
2382 1.608066e-08
2383 1.602626e-08
2384 1.580222e-08
2385 1.546329e-08
2386 1.522957e-08
2387 1.524061e-08
2388 1.543167e-08
2389 1.558587e-08
2390 1.561571e-08
2391 1.556004e-08
2392 1.553332e-08
2393 1.555028e-08
2394 1.556115e-08
2395 1.551340e-08
2396 1.549977e-08
2397 1.552481e-08
2398 1.560220e-08
2399 1.563270e-08
2400 1.555178e-08
2401 1.534749e-08
2402 1.506613e-08
2403 1.477758e-08
2404 1.461778e-08
2405 1.459717e-08
2406 1.463804e-08
2407 1.462978e-08
2408 1.450940e-08
2409 1.441686e-08
2410 1.444574e-08
2411 1.457572e-08
2412 1.474064e-08
2413 1.483840e-08
2414 1.490778e-08
2415 1.497015e-08
2416 1.495132e-08
2417 1.486795e-08
2418 1.471926e-08
2419 1.459859e-08
2420 1.453313e-08
2421 1.445378e-08
2422 1.436269e-08
2423 1.433438e-08
2424 1.442679e-08
2425 1.465016e-08
2426 1.485732e-08
2427 1.499849e-08
2428 1.509431e-08
2429 1.525901e-08
2430 1.548161e-08
2431 1.569442e-08
2432 1.575912e-08
2433 1.570160e-08
2434 1.559651e-08
2435 1.556179e-08
2436 1.561035e-08
2437 1.563970e-08
2438 1.558770e-08
2439 1.537770e-08
2440 1.510043e-08
2441 1.482853e-08
2442 1.463763e-08
2443 1.457651e-08
2444 1.460712e-08
2445 1.470746e-08
2446 1.477249e-08
2447 1.475845e-08
2448 1.466209e-08
2449 1.458177e-08
2450 1.458204e-08
2451 1.462208e-08
2452 1.457537e-08
2453 1.435063e-08
2454 1.401660e-08
2455 1.369999e-08
2456 1.353690e-08
2457 1.352048e-08
2458 1.359625e-08
2459 1.367414e-08
2460 1.371512e-08
2461 1.370282e-08
2462 1.371851e-08
2463 1.376049e-08
2464 1.384379e-08
2465 1.386150e-08
2466 1.379610e-08
2467 1.365093e-08
2468 1.356776e-08
2469 1.355960e-08
2470 1.362869e-08
2471 1.363700e-08
2472 1.348887e-08
2473 1.321605e-08
2474 1.291986e-08
2475 1.275926e-08
2476 1.273837e-08
2477 1.284995e-08
2478 1.299305e-08
2479 1.321060e-08
2480 1.342569e-08
2481 1.357012e-08
2482 1.357549e-08
2483 1.353699e-08
2484 1.360737e-08
2485 1.384051e-08
2486 1.406309e-08
2487 1.410679e-08
2488 1.400205e-08
2489 1.390866e-08
2490 1.396452e-08
2491 1.406150e-08
2492 1.407863e-08
2493 1.396804e-08
2494 1.385265e-08
2495 1.379412e-08
2496 1.376565e-08
2497 1.365664e-08
2498 1.352593e-08
2499 1.348012e-08
2500 1.372731e-08
2501 1.414861e-08
2502 1.455716e-08
2503 1.468371e-08
2504 1.456295e-08
2505 1.436452e-08
2506 1.428189e-08
2507 1.419969e-08
2508 1.398723e-08
2509 1.357267e-08
2510 1.315196e-08
2511 1.296011e-08
2512 1.298886e-08
2513 1.310686e-08
2514 1.312448e-08
2515 1.308247e-08
2516 1.308005e-08
2517 1.323296e-08
2518 1.349845e-08
2519 1.380492e-08
2520 1.405511e-08
2521 1.418834e-08
2522 1.415883e-08
2523 1.404586e-08
2524 1.392206e-08
2525 1.390417e-08
2526 1.394676e-08
2527 1.393616e-08
2528 1.385931e-08
2529 1.373896e-08
2530 1.365413e-08
2531 1.355921e-08
2532 1.339018e-08
2533 1.318901e-08
2534 1.308677e-08
2535 1.313107e-08
2536 1.325364e-08
2537 1.330856e-08
2538 1.324958e-08
2539 1.314507e-08
2540 1.302834e-08
2541 1.297454e-08
2542 1.300225e-08
2543 1.312062e-08
2544 1.326280e-08
2545 1.328521e-08
2546 1.316763e-08
2547 1.298936e-08
2548 1.284623e-08
2549 1.273479e-08
2550 1.259059e-08
2551 1.239389e-08
2552 1.222426e-08
2553 1.213760e-08
2554 1.215478e-08
2555 1.225463e-08
2556 1.240941e-08
2557 1.256290e-08
2558 1.265534e-08
2559 1.271364e-08
2560 1.279442e-08
2561 1.296874e-08
2562 1.316486e-08
2563 1.328511e-08
2564 1.327668e-08
2565 1.318298e-08
2566 1.303568e-08
2567 1.290462e-08
2568 1.277219e-08
2569 1.265715e-08
2570 1.252420e-08
2571 1.232322e-08
2572 1.209632e-08
2573 1.191354e-08
2574 1.182442e-08
2575 1.186958e-08
2576 1.196220e-08
2577 1.214101e-08
2578 1.231600e-08
2579 1.250011e-08
2580 1.261279e-08
2581 1.271715e-08
2582 1.279486e-08
2583 1.285200e-08
2584 1.279965e-08
2585 1.265566e-08
2586 1.247706e-08
2587 1.236306e-08
2588 1.233064e-08
2589 1.235355e-08
2590 1.238808e-08
2591 1.242184e-08
2592 1.246396e-08
2593 1.254399e-08
2594 1.266727e-08
2595 1.273967e-08
2596 1.268196e-08
2597 1.248262e-08
2598 1.232427e-08
2599 1.239566e-08
2600 1.266925e-08
2601 1.296079e-08
2602 1.307252e-08
2603 1.304561e-08
2604 1.300687e-08
2605 1.301711e-08
2606 1.298847e-08
2607 1.284287e-08
2608 1.263557e-08
2609 1.248466e-08
2610 1.243858e-08
2611 1.245829e-08
2612 1.242249e-08
2613 1.233701e-08
2614 1.223286e-08
2615 1.218877e-08
2616 1.227223e-08
2617 1.242563e-08
2618 1.265978e-08
2619 1.285674e-08
2620 1.297696e-08
2621 1.292182e-08
2622 1.268475e-08
2623 1.235630e-08
2624 1.211811e-08
2625 1.208633e-08
2626 1.221466e-08
2627 1.236617e-08
2628 1.234385e-08
2629 1.219269e-08
2630 1.199971e-08
2631 1.194770e-08
2632 1.212216e-08
2633 1.246390e-08
2634 1.281823e-08
2635 1.302588e-08
2636 1.301222e-08
2637 1.282236e-08
2638 1.258211e-08
2639 1.235692e-08
2640 1.220116e-08
2641 1.208474e-08
2642 1.200406e-08
2643 1.193677e-08
2644 1.194682e-08
2645 1.203326e-08
2646 1.218557e-08
2647 1.229555e-08
2648 1.228346e-08
2649 1.222096e-08
2650 1.219358e-08
2651 1.227747e-08
2652 1.237021e-08
2653 1.236901e-08
2654 1.229446e-08
2655 1.219453e-08
2656 1.214843e-08
2657 1.206958e-08
2658 1.195886e-08
2659 1.185856e-08
2660 1.188863e-08
2661 1.203946e-08
2662 1.220562e-08
2663 1.227244e-08
2664 1.222991e-08
2665 1.218823e-08
2666 1.224739e-08
2667 1.242025e-08
2668 1.263478e-08
2669 1.277352e-08
2670 1.277315e-08
2671 1.270076e-08
2672 1.266271e-08
2673 1.275749e-08
2674 1.294115e-08
2675 1.305786e-08
2676 1.300927e-08
2677 1.285877e-08
2678 1.274018e-08
2679 1.278792e-08
2680 1.288145e-08
2681 1.287569e-08
2682 1.270649e-08
2683 1.247015e-08
2684 1.234133e-08
2685 1.230227e-08
2686 1.230685e-08
2687 1.227575e-08
2688 1.230691e-08
2689 1.247304e-08
2690 1.270011e-08
2691 1.287616e-08
2692 1.290021e-08
2693 1.282948e-08
2694 1.274552e-08
2695 1.267296e-08
2696 1.256519e-08
2697 1.248021e-08
2698 1.243059e-08
2699 1.245658e-08
2700 1.249535e-08
2701 1.245929e-08
2702 1.237506e-08
2703 1.230980e-08
2704 1.235842e-08
2705 1.246422e-08
2706 1.255908e-08
2707 1.248090e-08
2708 1.230642e-08
2709 1.213079e-08
2710 1.207887e-08
2711 1.213660e-08
2712 1.217581e-08
2713 1.214484e-08
2714 1.207374e-08
2715 1.206858e-08
2716 1.212617e-08
2717 1.222481e-08
2718 1.228855e-08
2719 1.231980e-08
2720 1.230606e-08
2721 1.224651e-08
2722 1.219502e-08
2723 1.218219e-08
2724 1.224107e-08
2725 1.227360e-08
2726 1.221437e-08
2727 1.210640e-08
2728 1.203755e-08
2729 1.210276e-08
2730 1.220249e-08
2731 1.223994e-08
2732 1.215318e-08
2733 1.205789e-08
2734 1.203952e-08
2735 1.214849e-08
2736 1.227297e-08
2737 1.231663e-08
2738 1.225162e-08
2739 1.214521e-08
2740 1.205838e-08
2741 1.201709e-08
2742 1.199104e-08
2743 1.196141e-08
2744 1.196999e-08
2745 1.200198e-08
2746 1.205602e-08
2747 1.213222e-08
2748 1.223322e-08
2749 1.233761e-08
2750 1.237807e-08
2751 1.223089e-08
2752 1.203245e-08
2753 1.192024e-08
2754 1.205314e-08
2755 1.229083e-08
2756 1.239662e-08
2757 1.227511e-08
2758 1.210670e-08
2759 1.210877e-08
2760 1.228341e-08
2761 1.240397e-08
2762 1.229490e-08
2763 1.206045e-08
2764 1.193289e-08
2765 1.198410e-08
2766 1.207775e-08
2767 1.205810e-08
2768 1.194804e-08
2769 1.191605e-08
2770 1.197691e-08
2771 1.206196e-08
2772 1.209911e-08
2773 1.212175e-08
2774 1.222111e-08
2775 1.230965e-08
2776 1.232464e-08
2777 1.221747e-08
2778 1.211313e-08
2779 1.204630e-08
2780 1.203093e-08
2781 1.202884e-08
2782 1.202944e-08
2783 1.203603e-08
2784 1.194215e-08
2785 1.178172e-08
2786 1.164884e-08
2787 1.168001e-08
2788 1.184188e-08
2789 1.193914e-08
2790 1.187883e-08
2791 1.173520e-08
2792 1.165240e-08
2793 1.166378e-08
2794 1.167719e-08
2795 1.163271e-08
2796 1.154730e-08
2797 1.147527e-08
2798 1.144758e-08
2799 1.146456e-08
2800 1.154081e-08
2801 1.163985e-08
2802 1.172144e-08
2803 1.174247e-08
2804 1.171171e-08
2805 1.168598e-08
2806 1.172018e-08
2807 1.182999e-08
2808 1.195246e-08
2809 1.195667e-08
2810 1.179696e-08
2811 1.155667e-08
2812 1.146355e-08
2813 1.157759e-08
2814 1.177314e-08
2815 1.187686e-08
2816 1.186822e-08
2817 1.190879e-08
2818 1.204424e-08
2819 1.218743e-08
2820 1.219215e-08
2821 1.213999e-08
2822 1.211682e-08
2823 1.217632e-08
2824 1.216669e-08
2825 1.199480e-08
2826 1.170486e-08
2827 1.147709e-08
2828 1.143784e-08
2829 1.160220e-08
2830 1.185988e-08
2831 1.205470e-08
2832 1.210885e-08
2833 1.202910e-08
2834 1.191839e-08
2835 1.184716e-08
2836 1.184928e-08
2837 1.189815e-08
2838 1.195829e-08
2839 1.197371e-08
2840 1.192798e-08
2841 1.188258e-08
2842 1.192596e-08
2843 1.207711e-08
2844 1.218510e-08
2845 1.216700e-08
2846 1.203645e-08
2847 1.195763e-08
2848 1.199485e-08
2849 1.208393e-08
2850 1.215136e-08
2851 1.219250e-08
2852 1.221639e-08
2853 1.219448e-08
2854 1.210262e-08
2855 1.199240e-08
2856 1.195694e-08
2857 1.196197e-08
2858 1.191231e-08
2859 1.173445e-08
2860 1.147202e-08
2861 1.122574e-08
2862 1.105493e-08
2863 1.101622e-08
2864 1.112645e-08
2865 1.133508e-08
2866 1.153943e-08
2867 1.161523e-08
2868 1.160648e-08
2869 1.159650e-08
2870 1.166338e-08
2871 1.182117e-08
2872 1.196727e-08
2873 1.207543e-08
2874 1.207461e-08
2875 1.202942e-08
2876 1.200757e-08
2877 1.203376e-08
2878 1.203894e-08
2879 1.197120e-08
2880 1.186389e-08
2881 1.186292e-08
2882 1.193325e-08
2883 1.193162e-08
2884 1.175501e-08
2885 1.149381e-08
2886 1.132531e-08
2887 1.130482e-08
2888 1.134373e-08
2889 1.137086e-08
2890 1.143704e-08
2891 1.151017e-08
2892 1.153620e-08
2893 1.148111e-08
2894 1.136699e-08
2895 1.133132e-08
2896 1.132675e-08
2897 1.134876e-08
2898 1.140390e-08
2899 1.150860e-08
2900 1.160559e-08
2901 1.156611e-08
2902 1.141889e-08
2903 1.130792e-08
2904 1.137689e-08
2905 1.154098e-08
2906 1.163629e-08
2907 1.161473e-08
2908 1.157920e-08
2909 1.165757e-08
2910 1.184376e-08
2911 1.200756e-08
2912 1.203359e-08
2913 1.190440e-08
2914 1.172003e-08
2915 1.163913e-08
2916 1.172746e-08
2917 1.192847e-08
2918 1.205093e-08
2919 1.199848e-08
2920 1.180960e-08
2921 1.160214e-08
2922 1.148868e-08
2923 1.143961e-08
2924 1.141821e-08
2925 1.139524e-08
2926 1.142229e-08
2927 1.155502e-08
2928 1.179200e-08
2929 1.204267e-08
2930 1.215379e-08
2931 1.210140e-08
2932 1.197764e-08
2933 1.194562e-08
2934 1.203755e-08
2935 1.213945e-08
2936 1.216811e-08
2937 1.213204e-08
2938 1.215263e-08
2939 1.221226e-08
2940 1.220145e-08
2941 1.203671e-08
2942 1.180393e-08
2943 1.166110e-08
2944 1.169365e-08
2945 1.180313e-08
2946 1.187888e-08
2947 1.190292e-08
2948 1.191463e-08
2949 1.193967e-08
2950 1.194586e-08
2951 1.191021e-08
2952 1.184715e-08
2953 1.176166e-08
2954 1.163522e-08
2955 1.147721e-08
2956 1.135235e-08
2957 1.131701e-08
2958 1.132314e-08
2959 1.132679e-08
2960 1.131353e-08
2961 1.135247e-08
2962 1.143646e-08
2963 1.153660e-08
2964 1.160005e-08
2965 1.170830e-08
2966 1.184347e-08
2967 1.188689e-08
2968 1.176186e-08
2969 1.151168e-08
2970 1.139764e-08
2971 1.148240e-08
2972 1.163999e-08
2973 1.168652e-08
2974 1.160704e-08
2975 1.154783e-08
2976 1.161310e-08
2977 1.171864e-08
2978 1.174814e-08
2979 1.169711e-08
2980 1.157400e-08
2981 1.149123e-08
2982 1.144231e-08
2983 1.140509e-08
2984 1.137502e-08
2985 1.130552e-08
2986 1.124762e-08
2987 1.125644e-08
2988 1.135688e-08
2989 1.148476e-08
2990 1.160866e-08
2991 1.165444e-08
2992 1.172761e-08
2993 1.177780e-08
2994 1.180674e-08
2995 1.176276e-08
2996 1.168920e-08
2997 1.164325e-08
2998 1.168516e-08
2999 1.173826e-08
3000 1.176188e-08
3001 1.172252e-08
3002 1.167719e-08
3003 1.174336e-08
3004 1.188876e-08
3005 1.204338e-08
3006 1.208353e-08
3007 1.199836e-08
3008 1.192051e-08
3009 1.192847e-08
3010 1.205407e-08
3011 1.218855e-08
3012 1.231999e-08
3013 1.236533e-08
3014 1.235258e-08
3015 1.228619e-08
3016 1.223709e-08
3017 1.225337e-08
3018 1.235164e-08
3019 1.237399e-08
3020 1.231243e-08
3021 1.220497e-08
3022 1.217248e-08
3023 1.220839e-08
3024 1.227829e-08
3025 1.226271e-08
3026 1.227511e-08
3027 1.237952e-08
3028 1.258092e-08
3029 1.278051e-08
3030 1.283705e-08
3031 1.273068e-08
3032 1.255161e-08
3033 1.238825e-08
3034 1.234361e-08
3035 1.232736e-08
3036 1.236129e-08
3037 1.237518e-08
3038 1.240394e-08
3039 1.244071e-08
3040 1.240841e-08
3041 1.225426e-08
3042 1.197895e-08
3043 1.170914e-08
3044 1.162142e-08
3045 1.170500e-08
3046 1.192469e-08
3047 1.206299e-08
3048 1.204474e-08
3049 1.197111e-08
3050 1.184610e-08
3051 1.175002e-08
3052 1.164703e-08
3053 1.150853e-08
3054 1.151884e-08
3055 1.148952e-08
3056 1.162170e-08
3057 1.153855e-08
3058 1.156771e-08
3059 1.155883e-08
3060 1.178698e-08
3061 1.179921e-08
3062 1.183283e-08
3063 1.181118e-08
3064 1.207196e-08
3065 1.237790e-08
3066 1.353567e-08
3067 1.343922e-08
3068 1.394482e-08
3069 1.384966e-08
3070 1.164131e-08
3071 1.181066e-08
